0 2 0.5 2
0.1 2.1 0.74 1.9
0.2 2.2406 0.9794 1.7446
0.3 2.41147 1.21394 1.52516
0.4 2.59661 1.43461 1.23242
0.5 2.77341 1.62662 0.859907
0.6 2.91329 1.76971 0.408779
0.7 2.98563 1.84116 -0.106788
0.8 2.96597 1.82203 -0.656491
0.9 2.84635 1.7052 -1.1969
1 2.64226 1.5008 -1.68226
1.1 2.38979 1.2341 -2.07881
1.2 2.13324 0.936023 -2.37373
1.3 1.91105 0.632199 -2.57341
1.4 1.74836 0.337124 -2.69423
1.5 1.65753 0.0544947 -2.75317
1.6 1.64253 -0.219313 -2.7622
1.7 1.70311 -0.491533 -2.72618
1.8 1.83711 -0.770112 -2.64246
1.9 2.04061 -1.06138 -2.50099
2 2.30606 -1.36759 -2.2844
2.1 2.61847 -1.68367 -1.96902
2.2 2.94999 -1.99302 -1.52816
2.3 3.25456 -2.2635 -0.940221
2.4 3.46737 -2.4471 -0.203551
2.5 3.51719 -2.48945 0.644952
2.6 3.35663 -2.35335 1.52054
2.7 2.99879 -2.04711 2.31047
2.8 2.52581 -1.6314 2.92436
2.9 2.04874 -1.18821 3.33642
3 1.6523 -0.778088 3.57985
3.1 1.37375 -0.423189 3.70841
3.2 1.21682 -0.117522 3.76655
3.3 1.17255 0.15747 3.78085
3.4 1.23209 0.423465 3.76238
3.5 1.39141 0.701601 3.71021
3.6 1.65172 1.01135 3.61259
3.7 2.01708 1.36937 3.44554
3.8 2.4889 1.78636 3.16933
3.9 3.05506 2.25965 2.72472
4 3.67075 2.7591 2.03438
4.1 4.23206 3.20717 1.02159
4.2 4.5597 3.46657 -0.335704
4.3 4.44332 3.37473 -1.91636
4.4 3.79661 2.86383 -3.41586
4.5 2.81836 2.08571 -4.50314
4.6 1.87914 1.32422 -5.09097
4.7 1.20498 0.750222 -5.33981
4.8 0.804379 0.364159 -5.43021
4.9 0.606633 0.102082 -5.4595
5 0.550901 -0.0966326 -5.46569
5.1 0.603718 -0.277296 -5.46037
5.2 0.755131 -0.475087 -5.44363
5.3 1.01375 -0.721727 -5.40775
5.4 1.40404 -1.05065 -5.33459
5.5 1.96452 -1.50005 -5.18707
5.6 2.74261 -2.11146 -4.89238
5.7 3.77562 -2.91654 -4.31329
5.8 5.03361 -3.89366 -3.21212
5.9 6.2843 -4.86377 -1.2522
6 6.89334 -5.33592 1.80433
6.1 5.93056 -4.58965 5.48256
6.2 3.41426 -2.63877 8.20448
6.3 1.24928 -0.958037 9.10543
6.4 0.376949 -0.275522 9.22511
6.5 0.122777 -0.066878 9.2355
6.6 0.0610117 0.00115631 9.23632
6.7 0.0620797 0.0349677 9.23631
6.8 0.094377 0.069371 9.2361
6.9 0.158449 0.121671 9.23544
7 0.270818 0.209472 9.23351
7.1 0.464234 0.359508 9.22784
7.2 0.795982 0.61654 9.21115
7.3 1.36389 1.05646 9.16208
7.4 2.33182 1.80622 9.01799
7.5 3.96066 3.06792 8.59681
7.6 6.59809 5.11086 7.38171
7.7 10.3708 8.03317 4.00952
7.8 13.5917 10.5281 -4.32151
7.9 9.04198 7.00389 -18.631
8 -4.00694 -3.10376 -24.9639
8.1 3.74125 2.89796 -26.2075
8.2 -3.85358 -2.98497 -27.2917
8.3 4.29292 3.32527 -28.442
8.4 -5.16482 -4.00067 -29.8695
8.5 6.78499 5.25557 -31.9358
8.6 -9.99909 -7.74546 -35.5017
8.7 17.4986 13.5536 -43.2464
8.8 -41.1159 -31.8515 -66.9633
8.9 172.172 133.344 -197.924
9 -2467.02 -1911.28 -2493.74
9.1 474155 367214 -474009
9.2 -1.74058e+10 -1.34849e+10 -1.74121e+10
9.3 2.348e+19 1.81843e+19 -2.34715e+19
9.4 -4.26814e+37 -3.30667e+37 -4.26969e+37
9.5 1.41185e+74 1.09342e+74 -1.41133e+74
9.6 -1.54318e+147 -1.19555e+147 -1.54374e+147
9.7 1.84562e+293 1.42936e+293 -1.84495e+293
9.8 -inf -inf -inf
9.9 nan nan -inf
10 nan nan nan
