0 2 0.5 2
0.01 2.01 0.524 1.99
0.02 2.02043 0.547999 1.97947
0.03 2.03128 0.571996 1.9684
0.04 2.04253 0.595986 1.95678
0.05 2.0542 0.619966 1.9446
0.06 2.06625 0.643934 1.93187
0.07 2.07869 0.667884 1.91856
0.08 2.09151 0.691813 1.90468
0.09 2.10468 0.715715 1.89021
0.1 2.11821 0.739585 1.87515
0.11 2.13208 0.763416 1.85948
0.12 2.14628 0.787204 1.8432
0.13 2.16078 0.81094 1.82631
0.14 2.1756 0.834617 1.80879
0.15 2.19069 0.858229 1.79063
0.16 2.20606 0.881765 1.77183
0.17 2.22168 0.905217 1.75237
0.18 2.23755 0.928577 1.73226
0.19 2.25363 0.951833 1.71149
0.2 2.26992 0.974975 1.69004
0.21 2.2864 0.997993 1.6679
0.22 2.30304 1.02087 1.64509
0.23 2.31984 1.04361 1.62158
0.24 2.33676 1.06618 1.59737
0.25 2.35379 1.08857 1.57245
0.26 2.37091 1.11078 1.54683
0.27 2.38809 1.13278 1.52049
0.28 2.40532 1.15457 1.49344
0.29 2.42256 1.17612 1.46567
0.3 2.4398 1.19743 1.43718
0.31 2.45701 1.21847 1.40796
0.32 2.47416 1.23922 1.37802
0.33 2.49124 1.25968 1.34736
0.34 2.50821 1.27982 1.31598
0.35 2.52505 1.29962 1.28388
0.36 2.54174 1.31907 1.25107
0.37 2.55824 1.33815 1.21754
0.38 2.57453 1.35684 1.18331
0.39 2.59059 1.37512 1.14837
0.4 2.60638 1.39297 1.11275
0.41 2.62188 1.41037 1.07644
0.42 2.63706 1.42731 1.03947
0.43 2.6519 1.44375 1.00183
0.44 2.66636 1.45969 0.963539
0.45 2.68043 1.47511 0.924619
0.46 2.69407 1.48998 0.885079
0.47 2.70725 1.50429 0.844938
0.48 2.71996 1.51801 0.804213
0.49 2.73217 1.53114 0.762924
0.5 2.74385 1.54364 0.721091
0.51 2.75498 1.55551 0.678736
0.52 2.76554 1.56673 0.635881
0.53 2.77551 1.57728 0.592553
0.54 2.78485 1.58715 0.548775
0.55 2.79356 1.59632 0.504575
0.56 2.80162 1.60478 0.459981
0.57 2.809 1.61251 0.415021
0.58 2.81569 1.61951 0.369726
0.59 2.82168 1.62575 0.324126
0.6 2.82695 1.63124 0.278252
0.61 2.83149 1.63596 0.232138
0.62 2.83528 1.6399 0.185816
0.63 2.83833 1.64306 0.13932
0.64 2.84062 1.64544 0.0926847
0.65 2.84215 1.64702 0.0459441
0.66 2.8429 1.6478 -0.000866508
0.67 2.84289 1.64778 -0.0477118
0.68 2.8421 1.64697 -0.0945565
0.69 2.84054 1.64536 -0.141365
0.7 2.83822 1.64295 -0.188102
0.71 2.83513 1.63975 -0.234733
0.72 2.83128 1.63575 -0.281222
0.73 2.82668 1.63098 -0.327534
0.74 2.82134 1.62542 -0.373637
0.75 2.81526 1.6191 -0.419495
0.76 2.80847 1.61201 -0.465077
0.77 2.80097 1.60417 -0.51035
0.78 2.79279 1.5956 -0.555282
0.79 2.78393 1.58629 -0.599844
0.8 2.77441 1.57627 -0.644005
0.81 2.76426 1.56555 -0.687737
0.82 2.75349 1.55414 -0.731013
0.83 2.74213 1.54207 -0.773807
0.84 2.7302 1.52934 -0.816092
0.85 2.71772 1.51597 -0.857846
0.86 2.70471 1.50198 -0.899046
0.87 2.69121 1.48739 -0.93967
0.88 2.67723 1.47222 -0.979699
0.89 2.66281 1.45648 -1.01911
0.9 2.64797 1.4402 -1.0579
0.91 2.63273 1.42339 -1.09603
0.92 2.61713 1.40608 -1.13351
0.93 2.60119 1.38828 -1.17031
0.94 2.58495 1.37001 -1.20642
0.95 2.56842 1.3513 -1.24183
0.96 2.55164 1.33216 -1.27654
0.97 2.53463 1.31262 -1.31053
0.98 2.51743 1.29269 -1.3438
0.99 2.50006 1.27239 -1.37634
1 2.48255 1.25175 -1.40815
1.01 2.46492 1.23077 -1.43923
1.02 2.44721 1.20949 -1.46957
1.03 2.42943 1.18791 -1.49917
1.04 2.41162 1.16605 -1.52802
1.05 2.39381 1.14394 -1.55615
1.06 2.376 1.12159 -1.58353
1.07 2.35824 1.09902 -1.61018
1.08 2.34055 1.07624 -1.6361
1.09 2.32294 1.05326 -1.66129
1.1 2.30544 1.03011 -1.68575
1.11 2.28808 1.00679 -1.7095
1.12 2.27087 0.983318 -1.73254
1.13 2.25383 0.959712 -1.75487
1.14 2.23699 0.935981 -1.7765
1.15 2.22036 0.912137 -1.79743
1.16 2.20396 0.888192 -1.81769
1.17 2.18782 0.864155 -1.83726
1.18 2.17194 0.840037 -1.85617
1.19 2.15635 0.815848 -1.87441
1.2 2.14106 0.791597 -1.89201
1.21 2.12608 0.767292 -1.90896
1.22 2.11143 0.74294 -1.92527
1.23 2.09713 0.71855 -1.94096
1.24 2.08318 0.694127 -1.95602
1.25 2.06961 0.669678 -1.97048
1.26 2.05641 0.64521 -1.98434
1.27 2.04361 0.620726 -1.99761
1.28 2.03121 0.596232 -2.0103
1.29 2.01922 0.571732 -2.02241
1.3 2.00766 0.54723 -2.03395
1.31 1.99653 0.522729 -2.04494
1.32 1.98584 0.498232 -2.05538
1.33 1.9756 0.473742 -2.06527
1.34 1.96581 0.449261 -2.07463
1.35 1.95649 0.424791 -2.08346
1.36 1.94764 0.400334 -2.09177
1.37 1.93927 0.37589 -2.09957
1.38 1.93138 0.35146 -2.10686
1.39 1.92397 0.327045 -2.11365
1.4 1.91706 0.302645 -2.11994
1.41 1.91064 0.278261 -2.12574
1.42 1.90473 0.253892 -2.13106
1.43 1.89932 0.229538 -2.13589
1.44 1.89442 0.205197 -2.14025
1.45 1.89002 0.18087 -2.14414
1.46 1.88615 0.156555 -2.14756
1.47 1.88278 0.132251 -2.15051
1.48 1.87994 0.107958 -2.153
1.49 1.87762 0.0836727 -2.15503
1.5 1.87581 0.0593948 -2.1566
1.51 1.87453 0.0351225 -2.15772
1.52 1.87377 0.0108543 -2.15837
1.53 1.87354 -0.0134116 -2.15858
1.54 1.87383 -0.0376766 -2.15833
1.55 1.87464 -0.0619426 -2.15762
1.56 1.87598 -0.0862112 -2.15646
1.57 1.87784 -0.110484 -2.15484
1.58 1.88022 -0.134763 -2.15277
1.59 1.88312 -0.159049 -2.15023
1.6 1.88654 -0.183344 -2.14724
1.61 1.89048 -0.207649 -2.14378
1.62 1.89493 -0.231965 -2.13985
1.63 1.89989 -0.256294 -2.13546
1.64 1.90536 -0.280637 -2.13059
1.65 1.91134 -0.304995 -2.12524
1.66 1.91783 -0.329367 -2.11941
1.67 1.92481 -0.353755 -2.1131
1.68 1.93228 -0.378159 -2.10629
1.69 1.94025 -0.402578 -2.09898
1.7 1.9487 -0.427014 -2.09117
1.71 1.95763 -0.451464 -2.08285
1.72 1.96703 -0.475928 -2.07401
1.73 1.9769 -0.500406 -2.06465
1.74 1.98723 -0.524896 -2.05475
1.75 1.99802 -0.549396 -2.04432
1.76 2.00925 -0.573903 -2.03335
1.77 2.02092 -0.598416 -2.02182
1.78 2.03302 -0.622932 -2.00972
1.79 2.04554 -0.647446 -1.99706
1.8 2.05847 -0.671957 -1.98381
1.81 2.0718 -0.696458 -1.96998
1.82 2.08552 -0.720947 -1.95555
1.83 2.09961 -0.745417 -1.94052
1.84 2.11408 -0.769863 -1.92487
1.85 2.1289 -0.794279 -1.90859
1.86 2.14406 -0.818658 -1.89168
1.87 2.15954 -0.842993 -1.87413
1.88 2.17534 -0.867277 -1.85592
1.89 2.19144 -0.8915 -1.83706
1.9 2.20782 -0.915655 -1.81752
1.91 2.22446 -0.939732 -1.79731
1.92 2.24135 -0.96372 -1.7764
1.93 2.25847 -0.987609 -1.7548
1.94 2.2758 -1.01139 -1.7325
1.95 2.29332 -1.03505 -1.70948
1.96 2.31101 -1.05857 -1.68574
1.97 2.32886 -1.08194 -1.66128
1.98 2.34683 -1.10516 -1.63608
1.99 2.36491 -1.12819 -1.61015
2 2.38308 -1.15104 -1.58346
2.01 2.40131 -1.17368 -1.55603
2.02 2.41957 -1.1961 -1.52785
2.03 2.43784 -1.21828 -1.49891
2.04 2.45611 -1.24021 -1.46921
2.05 2.47433 -1.26186 -1.43875
2.06 2.49248 -1.28322 -1.40753
2.07 2.51054 -1.30427 -1.37554
2.08 2.52848 -1.32499 -1.3428
2.09 2.54628 -1.34536 -1.3093
2.1 2.56389 -1.36536 -1.27504
2.11 2.5813 -1.38497 -1.24003
2.12 2.59847 -1.40418 -1.20428
2.13 2.61538 -1.42296 -1.1678
2.14 2.632 -1.44128 -1.13058
2.15 2.6483 -1.45914 -1.09265
2.16 2.66424 -1.4765 -1.054
2.17 2.6798 -1.49335 -1.01467
2.18 2.69495 -1.50966 -0.974648
2.19 2.70967 -1.52542 -0.933963
2.2 2.72391 -1.5406 -0.89263
2.21 2.73767 -1.55519 -0.850665
2.22 2.7509 -1.56917 -0.808089
2.23 2.76358 -1.5825 -0.764923
2.24 2.77568 -1.59519 -0.721189
2.25 2.78719 -1.6072 -0.676912
2.26 2.79806 -1.61852 -0.632116
2.27 2.8083 -1.62913 -0.586829
2.28 2.81786 -1.63902 -0.541078
2.29 2.82672 -1.64817 -0.494893
2.3 2.83488 -1.65656 -0.448304
2.31 2.84231 -1.66419 -0.401342
2.32 2.84899 -1.67103 -0.354041
2.33 2.8549 -1.67708 -0.306433
2.34 2.86004 -1.68233 -0.258554
2.35 2.86439 -1.68677 -0.210439
2.36 2.86794 -1.69038 -0.162123
2.37 2.87068 -1.69317 -0.113644
2.38 2.87261 -1.69513 -0.0650384
2.39 2.87371 -1.69625 -0.0163439
2.4 2.87399 -1.69653 0.0324015
2.41 2.87344 -1.69598 0.0811596
2.42 2.87206 -1.69458 0.129892
2.43 2.86986 -1.69234 0.178562
2.44 2.86684 -1.68926 0.227129
2.45 2.863 -1.68536 0.275558
2.46 2.85836 -1.68062 0.32381
2.47 2.85291 -1.67507 0.371848
2.48 2.84668 -1.6687 0.419636
2.49 2.83968 -1.66154 0.467139
2.5 2.83192 -1.65358 0.514321
2.51 2.82342 -1.64484 0.561149
2.52 2.81419 -1.63533 0.60759
2.53 2.80425 -1.62507 0.653611
2.54 2.79363 -1.61408 0.699182
2.55 2.78234 -1.60236 0.744274
2.56 2.77042 -1.58993 0.788857
2.57 2.75787 -1.57682 0.832904
2.58 2.74474 -1.56304 0.876391
2.59 2.73104 -1.5486 0.919292
2.6 2.71681 -1.53354 0.961586
2.61 2.70206 -1.51787 1.00325
2.62 2.68683 -1.5016 1.04426
2.63 2.67115 -1.48477 1.08461
2.64 2.65505 -1.46738 1.12427
2.65 2.63855 -1.44947 1.16323
2.66 2.62169 -1.43106 1.20147
2.67 2.6045 -1.41216 1.23899
2.68 2.587 -1.3928 1.27577
2.69 2.56923 -1.37299 1.3118
2.7 2.55122 -1.35277 1.34708
2.71 2.533 -1.33215 1.38159
2.72 2.51459 -1.31115 1.41533
2.73 2.49603 -1.2898 1.4483
2.74 2.47735 -1.26811 1.4805
2.75 2.45858 -1.2461 1.51191
2.76 2.43974 -1.2238 1.54255
2.77 2.42086 -1.20122 1.57241
2.78 2.40197 -1.17838 1.60149
2.79 2.3831 -1.1553 1.62979
2.8 2.36427 -1.132 1.65732
2.81 2.34551 -1.10849 1.68409
2.82 2.32684 -1.08479 1.71009
2.83 2.30829 -1.06091 1.73533
2.84 2.28988 -1.03688 1.75982
2.85 2.27164 -1.0127 1.78356
2.86 2.25357 -0.98839 1.80657
2.87 2.23572 -0.963963 1.82884
2.88 2.21809 -0.93943 1.85039
2.89 2.20071 -0.914804 1.87123
2.9 2.18359 -0.890096 1.89136
2.91 2.16675 -0.865316 1.9108
2.92 2.15022 -0.840475 1.92955
2.93 2.134 -0.815581 1.94762
2.94 2.11812 -0.790644 1.96502
2.95 2.10258 -0.765671 1.98177
2.96 2.08741 -0.74067 1.99787
2.97 2.07261 -0.715648 2.01333
2.98 2.0582 -0.690611 2.02816
2.99 2.04419 -0.665565 2.04238
3 2.0306 -0.640515 2.05598
3.01 2.01743 -0.615466 2.06899
3.02 2.0047 -0.590421 2.0814
3.03 1.99241 -0.565386 2.09324
3.04 1.98057 -0.540362 2.1045
3.05 1.9692 -0.515353 2.11521
3.06 1.9583 -0.490362 2.12536
3.07 1.94788 -0.465389 2.13496
3.08 1.93794 -0.440438 2.14402
3.09 1.9285 -0.415508 2.15256
3.1 1.91956 -0.3906 2.16057
3.11 1.91112 -0.365716 2.16807
3.12 1.90319 -0.340856 2.17506
3.13 1.89577 -0.316018 2.18155
3.14 1.88888 -0.291204 2.18754
3.15 1.88251 -0.266412 2.19304
3.16 1.87667 -0.241642 2.19805
3.17 1.87136 -0.216891 2.20259
3.18 1.86658 -0.192161 2.20665
3.19 1.86234 -0.167447 2.21023
3.2 1.85864 -0.14275 2.21335
3.21 1.85548 -0.118067 2.216
3.22 1.85286 -0.0933966 2.2182
3.23 1.85079 -0.0687366 2.21993
3.24 1.84926 -0.0440849 2.2212
3.25 1.84828 -0.0194394 2.22201
3.26 1.84785 0.00520208 2.22237
3.27 1.84797 0.0298418 2.22228
3.28 1.84863 0.054482 2.22173
3.29 1.84984 0.0791249 2.22072
3.3 1.8516 0.103773 2.21925
3.31 1.8539 0.128428 2.21733
3.32 1.85675 0.153092 2.21495
3.33 1.86014 0.177768 2.21211
3.34 1.86407 0.202457 2.2088
3.35 1.86855 0.227161 2.20503
3.36 1.87355 0.251882 2.20078
3.37 1.8791 0.276622 2.19606
3.38 1.88517 0.301382 2.19087
3.39 1.89178 0.326163 2.18519
3.4 1.8989 0.350966 2.17902
3.41 1.90655 0.375792 2.17235
3.42 1.91471 0.400642 2.16519
3.43 1.92339 0.425517 2.15751
3.44 1.93257 0.450415 2.14933
3.45 1.94225 0.475338 2.14063
3.46 1.95242 0.500283 2.13139
3.47 1.96309 0.525252 2.12163
3.48 1.97423 0.550241 2.11131
3.49 1.98585 0.575251 2.10045
3.5 1.99793 0.600278 2.08903
3.51 2.01047 0.62532 2.07703
3.52 2.02346 0.650375 2.06446
3.53 2.03689 0.675439 2.0513
3.54 2.05074 0.700509 2.03755
3.55 2.06502 0.72558 2.02318
3.56 2.0797 0.750647 2.0082
3.57 2.09477 0.775706 1.99258
3.58 2.11023 0.80075 1.97634
3.59 2.12605 0.825773 1.95944
3.6 2.14223 0.850768 1.94188
3.61 2.15875 0.875728 1.92366
3.62 2.1756 0.900644 1.90475
3.63 2.19275 0.925508 1.88516
3.64 2.2102 0.95031 1.86486
3.65 2.22792 0.97504 1.84386
3.66 2.2459 0.999688 1.82214
3.67 2.26412 1.02424 1.79968
3.68 2.28255 1.04869 1.77649
3.69 2.30118 1.07302 1.75256
3.7 2.31999 1.09722 1.72787
3.71 2.33894 1.12127 1.70241
3.72 2.35803 1.14516 1.67618
3.73 2.37723 1.16888 1.64918
3.74 2.3965 1.1924 1.62139
3.75 2.41584 1.21571 1.59282
3.76 2.4352 1.2388 1.56345
3.77 2.45457 1.26164 1.53328
3.78 2.47391 1.28423 1.50231
3.79 2.49321 1.30652 1.47054
3.8 2.51242 1.32852 1.43797
3.81 2.53152 1.3502 1.40459
3.82 2.55049 1.37153 1.37041
3.83 2.56928 1.39251 1.33543
3.84 2.58788 1.41309 1.29965
3.85 2.60625 1.43327 1.26308
3.86 2.62435 1.45302 1.22573
3.87 2.64216 1.47232 1.18759
3.88 2.65964 1.49115 1.14869
3.89 2.67677 1.50948 1.10903
3.9 2.69351 1.52729 1.06863
3.91 2.70984 1.54456 1.02749
3.92 2.72571 1.56127 0.985636
3.93 2.74109 1.57739 0.94308
3.94 2.75597 1.5929 0.899843
3.95 2.7703 1.60778 0.855943
3.96 2.78407 1.62201 0.811402
3.97 2.79723 1.63556 0.766245
3.98 2.80976 1.64842 0.720494
3.99 2.82164 1.66057 0.674178
4 2.83283 1.67198 0.627323
4.01 2.84332 1.68264 0.579958
4.02 2.85308 1.69254 0.532115
4.03 2.86208 1.70165 0.483826
4.04 2.87032 1.70995 0.435123
4.05 2.87776 1.71745 0.386042
4.06 2.88439 1.72411 0.336618
4.07 2.89019 1.72994 0.286888
4.08 2.89515 1.73491 0.236889
4.09 2.89926 1.73903 0.186661
4.1 2.90251 1.74228 0.136242
4.11 2.90488 1.74465 0.0856721
4.12 2.90638 1.74614 0.0349921
4.13 2.90699 1.74675 -0.0157575
4.14 2.90671 1.74648 -0.0665354
4.15 2.90555 1.74532 -0.117301
4.16 2.90351 1.74327 -0.168012
4.17 2.90058 1.74035 -0.218628
4.18 2.89677 1.73654 -0.269108
4.19 2.8921 1.73186 -0.319411
4.2 2.88657 1.72632 -0.369499
4.21 2.88019 1.71992 -0.41933
4.22 2.87298 1.71268 -0.468867
4.23 2.86495 1.70459 -0.518072
4.24 2.85611 1.69569 -0.566907
4.25 2.8465 1.68597 -0.615338
4.26 2.83613 1.67546 -0.663329
4.27 2.82501 1.66418 -0.710848
4.28 2.81318 1.65213 -0.757861
4.29 2.80066 1.63933 -0.804338
4.3 2.78748 1.62582 -0.85025
4.31 2.77365 1.6116 -0.89557
4.32 2.75922 1.59669 -0.94027
4.33 2.74421 1.58113 -0.984326
4.34 2.72864 1.56492 -1.02772
4.35 2.71256 1.54809 -1.07042
4.36 2.69599 1.53067 -1.11241
4.37 2.67896 1.51268 -1.15368
4.38 2.66151 1.49414 -1.1942
4.39 2.64367 1.47506 -1.23397
4.4 2.62547 1.45549 -1.27296
4.41 2.60694 1.43544 -1.31118
4.42 2.58812 1.41493 -1.3486
4.43 2.56904 1.39399 -1.38522
4.44 2.54973 1.37264 -1.42103
4.45 2.53022 1.3509 -1.45603
4.46 2.51055 1.32879 -1.49021
4.47 2.49075 1.30634 -1.52357
4.48 2.47085 1.28358 -1.55611
4.49 2.45087 1.26051 -1.58782
4.5 2.43086 1.23716 -1.61871
4.51 2.41083 1.21355 -1.64879
4.52 2.39082 1.1897 -1.67805
4.53 2.37086 1.16563 -1.70649
4.54 2.35097 1.14135 -1.73412
4.55 2.33118 1.11689 -1.76096
4.56 2.31151 1.09226 -1.78699
4.57 2.29199 1.06748 -1.81224
4.58 2.27264 1.04255 -1.83671
4.59 2.25349 1.01751 -1.8604
4.6 2.23456 0.992355 -1.88333
4.61 2.21588 0.967104 -1.90551
4.62 2.19745 0.94177 -1.92694
4.63 2.1793 0.916364 -1.94763
4.64 2.16145 0.890897 -1.9676
4.65 2.14392 0.86538 -1.98686
4.66 2.12673 0.839822 -2.00541
4.67 2.10989 0.814232 -2.02327
4.68 2.09341 0.788619 -2.04045
4.69 2.07732 0.76299 -2.05696
4.7 2.06163 0.737352 -2.07281
4.71 2.04634 0.711712 -2.08801
4.72 2.03148 0.686075 -2.10257
4.73 2.01706 0.660447 -2.11651
4.74 2.00308 0.634832 -2.12983
4.75 1.98956 0.609235 -2.14255
4.76 1.97651 0.583658 -2.15467
4.77 1.96393 0.558106 -2.16621
4.78 1.95184 0.53258 -2.17717
4.79 1.94024 0.507084 -2.18756
4.8 1.92915 0.481617 -2.1974
4.81 1.91857 0.456182 -2.20669
4.82 1.9085 0.43078 -2.21544
4.83 1.89896 0.405411 -2.22367
4.84 1.88994 0.380075 -2.23136
4.85 1.88146 0.354772 -2.23855
4.86 1.87352 0.329502 -2.24522
4.87 1.86612 0.304263 -2.2514
4.88 1.85927 0.279055 -2.25707
4.89 1.85297 0.253876 -2.26226
4.9 1.84723 0.228724 -2.26697
4.91 1.84205 0.203599 -2.27119
4.92 1.83742 0.178497 -2.27494
4.93 1.83336 0.153417 -2.27822
4.94 1.82987 0.128356 -2.28103
4.95 1.82694 0.103312 -2.28338
4.96 1.82458 0.0782822 -2.28527
4.97 1.82279 0.0532642 -2.2867
4.98 1.82157 0.0282552 -2.28767
4.99 1.82093 0.00325226 -2.28818
5 1.82085 -0.0217474 -2.28824
5.01 1.82135 -0.0467467 -2.28785
5.02 1.82242 -0.0717486 -2.287
5.03 1.82406 -0.0967557 -2.28569
5.04 1.82627 -0.121771 -2.28392
5.05 1.82905 -0.146798 -2.2817
5.06 1.8324 -0.171838 -2.27902
5.07 1.83632 -0.196894 -2.27587
5.08 1.8408 -0.221969 -2.27225
5.09 1.84584 -0.247066 -2.26816
5.1 1.85145 -0.272186 -2.2636
5.11 1.85761 -0.297332 -2.25856
5.12 1.86432 -0.322505 -2.25304
5.13 1.87159 -0.347707 -2.24703
5.14 1.8794 -0.37294 -2.24052
5.15 1.88776 -0.398205 -2.23351
5.16 1.89665 -0.423503 -2.226
5.17 1.90608 -0.448835 -2.21796
5.18 1.91603 -0.474201 -2.20941
5.19 1.92651 -0.4996 -2.20032
5.2 1.9375 -0.525034 -2.1907
5.21 1.94901 -0.550501 -2.18052
5.22 1.96101 -0.576 -2.1698
5.23 1.97351 -0.60153 -2.1585
5.24 1.98649 -0.627089 -2.14663
5.25 1.99995 -0.652674 -2.13417
5.26 2.01388 -0.678284 -2.12112
5.27 2.02827 -0.703914 -2.10746
5.28 2.0431 -0.729561 -2.09318
5.29 2.05838 -0.75522 -2.07828
5.3 2.07407 -0.780888 -2.06273
5.31 2.09018 -0.806557 -2.04653
5.32 2.10668 -0.832223 -2.02968
5.33 2.12358 -0.857878 -2.01214
5.34 2.14084 -0.883516 -1.99393
5.35 2.15845 -0.909128 -1.97501
5.36 2.17641 -0.934706 -1.95539
5.37 2.19469 -0.96024 -1.93504
5.38 2.21327 -0.985721 -1.91397
5.39 2.23213 -1.01114 -1.89215
5.4 2.25127 -1.03648 -1.86958
5.41 2.27064 -1.06173 -1.84625
5.42 2.29025 -1.08689 -1.82214
5.43 2.31005 -1.11192 -1.79725
5.44 2.33004 -1.13684 -1.77156
5.45 2.35018 -1.1616 -1.74507
5.46 2.37045 -1.18621 -1.71777
5.47 2.39082 -1.21064 -1.68966
5.48 2.41128 -1.23488 -1.66071
5.49 2.43179 -1.25891 -1.63094
5.5 2.45232 -1.2827 -1.60032
5.51 2.47285 -1.30625 -1.56887
5.52 2.49334 -1.32953 -1.53656
5.53 2.51377 -1.35251 -1.50341
5.54 2.5341 -1.37519 -1.46942
5.55 2.55431 -1.39753 -1.43457
5.56 2.57436 -1.41952 -1.39887
5.57 2.59421 -1.44112 -1.36233
5.58 2.61385 -1.46233 -1.32494
5.59 2.63322 -1.48311 -1.28672
5.6 2.65231 -1.50344 -1.24766
5.61 2.67106 -1.52329 -1.20779
5.62 2.68946 -1.54265 -1.1671
5.63 2.70747 -1.56148 -1.12561
5.64 2.72504 -1.57977 -1.08333
5.65 2.74216 -1.59748 -1.04029
5.66 2.75877 -1.6146 -0.99648
5.67 2.77486 -1.63109 -0.951937
5.68 2.79039 -1.64694 -0.906676
5.69 2.80532 -1.66212 -0.86072
5.7 2.81963 -1.67661 -0.814093
5.71 2.83328 -1.69038 -0.766819
5.72 2.84624 -1.70341 -0.718925
5.73 2.85849 -1.71569 -0.670442
5.74 2.86999 -1.72719 -0.621399
5.75 2.88072 -1.73789 -0.571829
5.76 2.89066 -1.74778 -0.521765
5.77 2.89978 -1.75682 -0.471243
5.78 2.90806 -1.76502 -0.420299
5.79 2.91548 -1.77236 -0.368971
5.8 2.92202 -1.77881 -0.317298
5.81 2.92766 -1.78437 -0.265321
5.82 2.93239 -1.78904 -0.213081
5.83 2.93621 -1.79278 -0.160619
5.84 2.93909 -1.79561 -0.107979
5.85 2.94103 -1.79752 -0.0552047
5.86 2.94202 -1.79849 -0.00233923
5.87 2.94206 -1.79853 0.0505727
5.88 2.94115 -1.79764 0.103487
5.89 2.93929 -1.79581 0.156358
5.9 2.93648 -1.79306 0.209142
5.91 2.93273 -1.78937 0.261795
5.92 2.92805 -1.78477 0.314272
5.93 2.92244 -1.77924 0.366531
5.94 2.91592 -1.77282 0.418529
5.95 2.9085 -1.76549 0.470222
5.96 2.9002 -1.75729 0.521572
5.97 2.89103 -1.74821 0.572537
5.98 2.88102 -1.73828 0.623078
5.99 2.87019 -1.72751 0.673158
6 2.85856 -1.71592 0.722741
6.01 2.84616 -1.70352 0.771792
6.02 2.83301 -1.69034 0.820277
6.03 2.81915 -1.6764 0.868164
6.04 2.80459 -1.66171 0.915424
6.05 2.78938 -1.64631 0.962029
6.06 2.77354 -1.63021 1.00795
6.07 2.75711 -1.61344 1.05317
6.08 2.74012 -1.59601 1.09765
6.09 2.7226 -1.57797 1.14138
6.1 2.70459 -1.55932 1.18434
6.11 2.68612 -1.5401 1.22652
6.12 2.66723 -1.52034 1.26789
6.13 2.64796 -1.50005 1.30844
6.14 2.62833 -1.47926 1.34816
6.15 2.60839 -1.458 1.38704
6.16 2.58816 -1.43629 1.42507
6.17 2.56769 -1.41416 1.46224
6.18 2.54702 -1.39163 1.49855
6.19 2.52616 -1.36873 1.534
6.2 2.50517 -1.34548 1.56857
6.21 2.48406 -1.3219 1.60228
6.22 2.46288 -1.29802 1.63512
6.23 2.44166 -1.27386 1.66709
6.24 2.42042 -1.24944 1.69819
6.25 2.3992 -1.22477 1.72843
6.26 2.37803 -1.19989 1.75782
6.27 2.35694 -1.17481 1.78635
6.28 2.33595 -1.14955 1.81404
6.29 2.3151 -1.12413 1.84089
6.3 2.29441 -1.09855 1.86692
6.31 2.2739 -1.07285 1.89212
6.32 2.2536 -1.04704 1.91652
6.33 2.23353 -1.02112 1.94011
6.34 2.21372 -0.995125 1.96292
6.35 2.19419 -0.969053 1.98495
6.36 2.17495 -0.942921 2.00621
6.37 2.15604 -0.91674 2.02672
6.38 2.13746 -0.890522 2.04649
6.39 2.11923 -0.864276 2.06552
6.4 2.10138 -0.838013 2.08384
6.41 2.08392 -0.811739 2.10145
6.42 2.06686 -0.785463 2.11836
6.43 2.05022 -0.759193 2.1346
6.44 2.03401 -0.732935 2.15016
6.45 2.01825 -0.706694 2.16507
6.46 2.00295 -0.680476 2.17933
6.47 1.98812 -0.654286 2.19296
6.48 1.97378 -0.628126 2.20597
6.49 1.95992 -0.602002 2.21837
6.5 1.94656 -0.575915 2.23017
6.51 1.93372 -0.549868 2.24138
6.52 1.9214 -0.523863 2.25201
6.53 1.9096 -0.497901 2.26208
6.54 1.89834 -0.471983 2.27158
6.55 1.88761 -0.446109 2.28054
6.56 1.87744 -0.420281 2.28896
6.57 1.86782 -0.394496 2.29686
6.58 1.85876 -0.368756 2.30422
6.59 1.85026 -0.343058 2.31108
6.6 1.84233 -0.317401 2.31743
6.61 1.83498 -0.291784 2.32327
6.62 1.8282 -0.266205 2.32863
6.63 1.822 -0.240662 2.33349
6.64 1.81639 -0.215152 2.33788
6.65 1.81136 -0.189673 2.34179
6.66 1.80691 -0.164222 2.34522
6.67 1.80306 -0.138797 2.34819
6.68 1.7998 -0.113393 2.35069
6.69 1.79714 -0.0880085 2.35273
6.7 1.79507 -0.0626394 2.35431
6.71 1.79359 -0.0372825 2.35544
6.72 1.79271 -0.0119343 2.35611
6.73 1.79243 0.0134087 2.35632
6.74 1.79275 0.0387499 2.35608
6.75 1.79366 0.0640931 2.35539
6.76 1.79517 0.0894417 2.35424
6.77 1.79728 0.114799 2.35263
6.78 1.79998 0.140169 2.35057
6.79 1.80327 0.165555 2.34805
6.8 1.80716 0.19096 2.34506
6.81 1.81164 0.216387 2.34161
6.82 1.8167 0.24184 2.33769
6.83 1.82236 0.267322 2.3333
6.84 1.8286 0.292834 2.32842
6.85 1.83541 0.318381 2.32307
6.86 1.84281 0.343964 2.31723
6.87 1.85078 0.369585 2.31089
6.88 1.85932 0.395246 2.30405
6.89 1.86843 0.42095 2.2967
6.9 1.8781 0.446697 2.28883
6.91 1.88832 0.472489 2.28044
6.92 1.89909 0.498327 2.27152
6.93 1.91041 0.52421 2.26206
6.94 1.92227 0.550138 2.25204
6.95 1.93466 0.576113 2.24147
6.96 1.94758 0.602132 2.23032
6.97 1.961 0.628194 2.21859
6.98 1.97494 0.654298 2.20628
6.99 1.98938 0.680442 2.19335
7 2.0043 0.706622 2.17982
7.01 2.0197 0.732836 2.16565
7.02 2.03558 0.75908 2.15085
7.03 2.0519 0.785349 2.1354
7.04 2.06867 0.811639 2.11929
7.05 2.08587 0.837944 2.1025
7.06 2.10349 0.864257 2.08502
7.07 2.12151 0.890572 2.06684
7.08 2.13992 0.916881 2.04795
7.09 2.1587 0.943176 2.02833
7.1 2.17783 0.969447 2.00796
7.11 2.19729 0.995685 1.98685
7.12 2.21707 1.02188 1.96497
7.13 2.23715 1.04802 1.94232
7.14 2.25751 1.07409 1.91887
7.15 2.27812 1.10008 1.89462
7.16 2.29896 1.12598 1.86956
7.17 2.32001 1.15177 1.84368
7.18 2.34125 1.17743 1.81696
7.19 2.36264 1.20295 1.78939
7.2 2.38417 1.22832 1.76097
7.21 2.4058 1.25351 1.73168
7.22 2.4275 1.27851 1.70153
7.23 2.44926 1.30329 1.67049
7.24 2.47103 1.32784 1.63857
7.25 2.49279 1.35213 1.60576
7.26 2.5145 1.37615 1.57205
7.27 2.53613 1.39987 1.53745
7.28 2.55766 1.42326 1.50195
7.29 2.57903 1.44631 1.46554
7.3 2.60023 1.46899 1.42824
7.31 2.62121 1.49127 1.39005
7.32 2.64194 1.51313 1.35096
7.33 2.66238 1.53455 1.31098
7.34 2.6825 1.55549 1.27013
7.35 2.70226 1.57593 1.2284
7.36 2.72161 1.59585 1.18581
7.37 2.74054 1.61521 1.14238
7.38 2.75899 1.634 1.09812
7.39 2.77693 1.65218 1.05303
7.4 2.79433 1.66972 1.00715
7.41 2.81115 1.68661 0.960496
7.42 2.82735 1.70281 0.913083
7.43 2.8429 1.7183 0.864939
7.44 2.85776 1.73305 0.81609
7.45 2.8719 1.74704 0.766563
7.46 2.88529 1.76025 0.71639
7.47 2.8979 1.77265 0.665601
7.48 2.9097 1.78423 0.614232
7.49 2.92066 1.79495 0.562316
7.5 2.93075 1.80481 0.509891
7.51 2.93996 1.81377 0.456997
7.52 2.94825 1.82183 0.403673
7.53 2.9556 1.82897 0.349961
7.54 2.962 1.83518 0.295904
7.55 2.96743 1.84044 0.241546
7.56 2.97188 1.84474 0.186932
7.57 2.97533 1.84807 0.132109
7.58 2.97777 1.85043 0.0771224
7.59 2.97919 1.85181 0.0220209
7.6 2.9796 1.8522 -0.0331481
7.61 2.97899 1.85161 -0.0883363
7.62 2.97735 1.85003 -0.143496
7.63 2.9747 1.84747 -0.198577
7.64 2.97103 1.84392 -0.253534
7.65 2.96635 1.8394 -0.308318
7.66 2.96068 1.83392 -0.362881
7.67 2.95403 1.82747 -0.417177
7.68 2.9464 1.82008 -0.471161
7.69 2.93783 1.81175 -0.524788
7.7 2.92832 1.8025 -0.578014
7.71 2.9179 1.79234 -0.630797
7.72 2.9066 1.7813 -0.683095
7.73 2.89443 1.76938 -0.734871
7.74 2.88142 1.75662 -0.786084
7.75 2.86762 1.74303 -0.8367
7.76 2.85303 1.72864 -0.886683
7.77 2.83771 1.71346 -0.936002
7.78 2.82167 1.69752 -0.984625
7.79 2.80495 1.68085 -1.03252
7.8 2.7876 1.66347 -1.07967
7.81 2.76964 1.64542 -1.12604
7.82 2.75111 1.6267 -1.17161
7.83 2.73205 1.60736 -1.21637
7.84 2.7125 1.58742 -1.26028
7.85 2.69249 1.56691 -1.30334
7.86 2.67207 1.54586 -1.34553
7.87 2.65127 1.52429 -1.38683
7.88 2.63013 1.50222 -1.42725
7.89 2.60869 1.4797 -1.46676
7.9 2.58699 1.45674 -1.50536
7.91 2.56506 1.43338 -1.54304
7.92 2.54294 1.40963 -1.57981
7.93 2.52067 1.38553 -1.61566
7.94 2.49829 1.36109 -1.65058
7.95 2.47582 1.33635 -1.68459
7.96 2.45331 1.31132 -1.71767
7.97 2.43078 1.28604 -1.74984
7.98 2.40828 1.26052 -1.7811
7.99 2.38583 1.23478 -1.81146
8 2.36346 1.20885 -1.84092
8.01 2.34121 1.18275 -1.86949
8.02 2.3191 1.15649 -1.89718
8.03 2.29716 1.13009 -1.924
8.04 2.27541 1.10357 -1.94996
8.05 2.25389 1.07695 -1.97507
8.06 2.23262 1.05024 -1.99934
8.07 2.21163 1.02345 -2.02279
8.08 2.19092 0.996612 -2.04543
8.09 2.17054 0.969724 -2.06726
8.1 2.15049 0.942802 -2.08831
8.11 2.1308 0.915856 -2.10859
8.12 2.11149 0.888898 -2.1281
8.13 2.09257 0.861938 -2.14687
8.14 2.07407 0.834983 -2.16491
8.15 2.05599 0.808042 -2.18222
8.16 2.03836 0.781122 -2.19884
8.17 2.02118 0.75423 -2.21476
8.18 2.00448 0.727371 -2.23
8.19 1.98826 0.700551 -2.24458
8.2 1.97254 0.673774 -2.25851
8.21 1.95732 0.647044 -2.2718
8.22 1.94262 0.620364 -2.28447
8.23 1.92845 0.593737 -2.29652
8.24 1.91481 0.567165 -2.30797
8.25 1.90172 0.540649 -2.31883
8.26 1.88918 0.51419 -2.32911
8.27 1.87721 0.48779 -2.33882
8.28 1.8658 0.461447 -2.34798
8.29 1.85497 0.435162 -2.35659
8.3 1.84471 0.408933 -2.36466
8.31 1.83504 0.382761 -2.37221
8.32 1.82596 0.356642 -2.37923
8.33 1.81747 0.330576 -2.38574
8.34 1.80959 0.30456 -2.39175
8.35 1.8023 0.278591 -2.39726
8.36 1.79563 0.252668 -2.40228
8.37 1.78956 0.226786 -2.40682
8.38 1.7841 0.200943 -2.41088
8.39 1.77925 0.175136 -2.41446
8.4 1.77502 0.14936 -2.41758
8.41 1.77141 0.123612 -2.42023
8.42 1.76842 0.0978891 -2.42242
8.43 1.76605 0.0721859 -2.42415
8.44 1.7643 0.0464989 -2.42543
8.45 1.76317 0.0208238 -2.42625
8.46 1.76267 -0.00484359 -2.42661
8.47 1.76278 -0.0305075 -2.42653
8.48 1.76353 -0.0561722 -2.42599
8.49 1.76489 -0.0818419 -2.425
8.5 1.76687 -0.107521 -2.42356
8.51 1.76948 -0.133214 -2.42166
8.52 1.7727 -0.158924 -2.4193
8.53 1.77655 -0.184656 -2.41648
8.54 1.78101 -0.210414 -2.4132
8.55 1.78609 -0.236202 -2.40945
8.56 1.79178 -0.262023 -2.40524
8.57 1.79808 -0.287881 -2.40054
8.58 1.80499 -0.313779 -2.39536
8.59 1.81251 -0.339721 -2.3897
8.6 1.82063 -0.365709 -2.38354
8.61 1.82934 -0.391746 -2.37688
8.62 1.83866 -0.417835 -2.36972
8.63 1.84856 -0.443978 -2.36204
8.64 1.85904 -0.470176 -2.35383
8.65 1.87011 -0.496431 -2.34509
8.66 1.88175 -0.522745 -2.3358
8.67 1.89396 -0.549117 -2.32597
8.68 1.90674 -0.575549 -2.31557
8.69 1.92006 -0.60204 -2.30459
8.7 1.93394 -0.62859 -2.29303
8.71 1.94835 -0.655197 -2.28088
8.72 1.9633 -0.681861 -2.26811
8.73 1.97876 -0.708579 -2.25472
8.74 1.99474 -0.735348 -2.2407
8.75 2.01121 -0.762166 -2.22604
8.76 2.02818 -0.789028 -2.21071
8.77 2.04562 -0.81593 -2.1947
8.78 2.06353 -0.842867 -2.17801
8.79 2.08189 -0.869834 -2.16062
8.8 2.10068 -0.896823 -2.14251
8.81 2.1199 -0.923827 -2.12367
8.82 2.13952 -0.950839 -2.10409
8.83 2.15952 -0.977849 -2.08374
8.84 2.1799 -1.00485 -2.06263
8.85 2.20062 -1.03183 -2.04072
8.86 2.22168 -1.05877 -2.01802
8.87 2.24305 -1.08567 -1.99449
8.88 2.2647 -1.11251 -1.97014
8.89 2.28662 -1.13929 -1.94495
8.9 2.30878 -1.16597 -1.91889
8.91 2.33115 -1.19255 -1.89198
8.92 2.35371 -1.21901 -1.86417
8.93 2.37644 -1.24534 -1.83548
8.94 2.3993 -1.27151 -1.80589
8.95 2.42226 -1.29751 -1.77538
8.96 2.44529 -1.32331 -1.74395
8.97 2.46837 -1.3489 -1.71159
8.98 2.49146 -1.37425 -1.6783
8.99 2.51452 -1.39934 -1.64406
9 2.53753 -1.42414 -1.60887
9.01 2.56044 -1.44864 -1.57273
9.02 2.58323 -1.4728 -1.53564
9.03 2.60584 -1.4966 -1.4976
9.04 2.62826 -1.52001 -1.4586
9.05 2.65043 -1.54301 -1.41865
9.06 2.67232 -1.56557 -1.37775
9.07 2.69389 -1.58767 -1.33591
9.08 2.7151 -1.60926 -1.29314
9.09 2.73591 -1.63032 -1.24945
9.1 2.75628 -1.65083 -1.20485
9.11 2.77617 -1.67076 -1.15935
9.12 2.79554 -1.69007 -1.11296
9.13 2.81435 -1.70874 -1.06572
9.14 2.83256 -1.72674 -1.01763
9.15 2.85013 -1.74403 -0.968715
9.16 2.86702 -1.7606 -0.919008
9.17 2.8832 -1.7764 -0.868531
9.18 2.89863 -1.79143 -0.817314
9.19 2.91327 -1.80564 -0.765387
9.2 2.92709 -1.81902 -0.712784
9.21 2.94006 -1.83154 -0.659539
9.22 2.95214 -1.84318 -0.605691
9.23 2.9633 -1.8539 -0.551278
9.24 2.97352 -1.86371 -0.496341
9.25 2.98277 -1.87256 -0.440923
9.26 2.99103 -1.88045 -0.385069
9.27 2.99827 -1.88736 -0.328824
9.28 3.00448 -1.89328 -0.272236
9.29 3.00963 -1.89819 -0.215353
9.3 3.01372 -1.90207 -0.158225
9.31 3.01673 -1.90494 -0.100901
9.32 3.01865 -1.90676 -0.0434346
9.33 3.01948 -1.90755 0.0141238
9.34 3.01921 -1.90729 0.0717218
9.35 3.01784 -1.90599 0.129307
9.36 3.01538 -1.90365 0.186827
9.37 3.01182 -1.90027 0.244229
9.38 3.00718 -1.89586 0.301462
9.39 3.00146 -1.89042 0.358474
9.4 2.99469 -1.88396 0.415214
9.41 2.98686 -1.8765 0.471633
9.42 2.97801 -1.86805 0.527681
9.43 2.96816 -1.85862 0.583312
9.44 2.95732 -1.84823 0.638479
9.45 2.94551 -1.8369 0.693137
9.46 2.93278 -1.82465 0.747243
9.47 2.91915 -1.81151 0.800757
9.48 2.90464 -1.79748 0.853637
9.49 2.8893 -1.7826 0.905847
9.5 2.87315 -1.7669 0.957352
9.51 2.85624 -1.7504 1.00812
9.52 2.83859 -1.73312 1.05811
9.53 2.82025 -1.7151 1.10731
9.54 2.80126 -1.69636 1.15568
9.55 2.78165 -1.67694 1.2032
9.56 2.76148 -1.65686 1.24985
9.57 2.74077 -1.63615 1.2956
9.58 2.71957 -1.61484 1.34044
9.59 2.69793 -1.59297 1.38436
9.6 2.67587 -1.57056 1.42734
9.61 2.65346 -1.54764 1.46936
9.62 2.63072 -1.52425 1.51043
9.63 2.60769 -1.50041 1.55053
9.64 2.58443 -1.47615 1.58965
9.65 2.56096 -1.4515 1.6278
9.66 2.53734 -1.42649 1.66498
9.67 2.51358 -1.40114 1.70117
9.68 2.48975 -1.37548 1.73639
9.69 2.46587 -1.34954 1.77064
9.7 2.44197 -1.32335 1.80391
9.71 2.4181 -1.29692 1.83623
9.72 2.39428 -1.27028 1.86759
9.73 2.37056 -1.24345 1.898
9.74 2.34696 -1.21645 1.92748
9.75 2.32351 -1.18931 1.95603
9.76 2.30025 -1.16204 1.98366
9.77 2.2772 -1.13466 2.01039
9.78 2.25439 -1.10719 2.03623
9.79 2.23184 -1.07965 2.06119
9.8 2.20959 -1.05205 2.08529
9.81 2.18765 -1.0244 2.10853
9.82 2.16605 -0.996726 2.13094
9.83 2.14481 -0.969032 2.15253
9.84 2.12395 -0.941331 2.17332
9.85 2.10349 -0.913635 2.19331
9.86 2.08346 -0.885953 2.21253
9.87 2.06385 -0.858295 2.23099
9.88 2.0447 -0.830668 2.2487
9.89 2.02603 -0.803081 2.26569
9.9 2.00783 -0.775539 2.28196
9.91 1.99013 -0.748048 2.29753
9.92 1.97295 -0.720614 2.31242
9.93 1.95628 -0.69324 2.32663
9.94 1.94015 -0.665931 2.3402
9.95 1.92457 -0.638689 2.35312
9.96 1.90954 -0.611516 2.36541
9.97 1.89508 -0.584415 2.37708
9.98 1.88118 -0.557387 2.38816
9.99 1.86787 -0.530431 2.39864
10 1.85515 -0.503549 2.40855
