0 2 0.5 2
0.005 2.005 0.512 1.995
0.01 2.01011 0.524 1.98987
0.015 2.01532 0.535999 1.9846
0.02 2.02064 0.547998 1.9792
0.025 2.02606 0.559996 1.97366
0.03 2.03159 0.571992 1.96799
0.035 2.03722 0.583987 1.96218
0.04 2.04295 0.595979 1.95623
0.045 2.04878 0.607968 1.95014
0.05 2.0547 0.619955 1.94392
0.055 2.06073 0.631937 1.93755
0.06 2.06685 0.643915 1.93104
0.065 2.07307 0.655889 1.92438
0.07 2.07938 0.667857 1.91758
0.075 2.08578 0.679819 1.91064
0.08 2.09228 0.691775 1.90355
0.085 2.09886 0.703723 1.89631
0.09 2.10553 0.715663 1.88893
0.095 2.11229 0.727595 1.88139
0.1 2.11914 0.739517 1.87371
0.105 2.12607 0.751429 1.86587
0.11 2.13308 0.76333 1.85788
0.115 2.14017 0.775219 1.84974
0.12 2.14734 0.787095 1.84145
0.125 2.15458 0.798958 1.833
0.13 2.16191 0.810806 1.82439
0.135 2.1693 0.822638 1.81563
0.14 2.17677 0.834454 1.8067
0.145 2.18431 0.846253 1.79762
0.15 2.19191 0.858032 1.78838
0.155 2.19959 0.869792 1.77897
0.16 2.20732 0.881531 1.76941
0.165 2.21512 0.893248 1.75968
0.17 2.22298 0.904942 1.74979
0.175 2.2309 0.916611 1.73973
0.18 2.23887 0.928255 1.7295
0.185 2.2469 0.939871 1.71911
0.19 2.25498 0.951459 1.70855
0.195 2.26311 0.963017 1.69783
0.2 2.27128 0.974544 1.68693
0.205 2.2795 0.986039 1.67586
0.21 2.28776 0.997499 1.66462
0.215 2.29607 1.00892 1.65321
0.22 2.30441 1.02031 1.64163
0.225 2.31278 1.03166 1.62987
0.23 2.32119 1.04297 1.61794
0.235 2.32963 1.05424 1.60584
0.24 2.33809 1.06546 1.59356
0.245 2.34658 1.07664 1.5811
0.25 2.35509 1.08777 1.56847
0.255 2.36362 1.09885 1.55566
0.26 2.37217 1.10988 1.54268
0.265 2.38073 1.12086 1.52951
0.27 2.3893 1.13178 1.51617
0.275 2.39788 1.14265 1.50265
0.28 2.40647 1.15346 1.48895
0.285 2.41505 1.16421 1.47507
0.29 2.42364 1.1749 1.46101
0.295 2.43222 1.18552 1.44678
0.3 2.4408 1.19608 1.43236
0.305 2.44936 1.20656 1.41776
0.31 2.45792 1.21698 1.40298
0.315 2.46645 1.22733 1.38803
0.32 2.47497 1.2376 1.37289
0.325 2.48347 1.24779 1.35758
0.33 2.49194 1.25791 1.34208
0.335 2.50038 1.26794 1.32641
0.34 2.50879 1.27789 1.31056
0.345 2.51716 1.28775 1.29453
0.35 2.5255 1.29753 1.27832
0.355 2.53379 1.30721 1.26194
0.36 2.54204 1.31681 1.24538
0.365 2.55024 1.3263 1.22864
0.37 2.55839 1.3357 1.21173
0.375 2.56648 1.345 1.19464
0.38 2.57451 1.3542 1.17738
0.385 2.58248 1.36329 1.15995
0.39 2.59039 1.37228 1.14235
0.395 2.59823 1.38116 1.12457
0.4 2.606 1.38992 1.10663
0.405 2.61369 1.39858 1.08852
0.41 2.6213 1.40711 1.07024
0.415 2.62883 1.41553 1.0518
0.42 2.63627 1.42382 1.03319
0.425 2.64363 1.43199 1.01443
0.43 2.65089 1.44004 0.995497
0.435 2.65806 1.44796 0.97641
0.44 2.66513 1.45574 0.957166
0.445 2.67209 1.46339 0.937767
0.45 2.67896 1.47091 0.918216
0.455 2.68571 1.47829 0.898513
0.46 2.69235 1.48553 0.878662
0.465 2.69888 1.49263 0.858664
0.47 2.70528 1.49958 0.838522
0.475 2.71157 1.50639 0.818238
0.48 2.71773 1.51304 0.797815
0.485 2.72377 1.51955 0.777254
0.49 2.72968 1.5259 0.75656
0.495 2.73545 1.53209 0.735734
0.5 2.74108 1.53813 0.714779
0.505 2.74658 1.54401 0.693698
0.51 2.75194 1.54972 0.672495
0.515 2.75715 1.55528 0.651171
0.52 2.76221 1.56066 0.62973
0.525 2.76713 1.56588 0.608176
0.53 2.77189 1.57093 0.586511
0.535 2.77649 1.57581 0.564739
0.54 2.78094 1.58051 0.542863
0.545 2.78523 1.58504 0.520886
0.55 2.78936 1.58939 0.498813
0.555 2.79333 1.59357 0.476646
0.56 2.79712 1.59756 0.454389
0.565 2.80075 1.60137 0.432046
0.57 2.80421 1.605 0.409621
0.575 2.8075 1.60845 0.387117
0.58 2.81061 1.61171 0.364538
0.585 2.81355 1.61478 0.341889
0.59 2.81631 1.61767 0.319172
0.595 2.81889 1.62037 0.296393
0.6 2.82129 1.62287 0.273555
0.605 2.82351 1.62519 0.250662
0.61 2.82555 1.62731 0.227718
0.615 2.8274 1.62924 0.204728
0.62 2.82907 1.63098 0.181695
0.625 2.83055 1.63252 0.158625
0.63 2.83185 1.63387 0.13552
0.635 2.83295 1.63502 0.112386
0.64 2.83387 1.63597 0.089226
0.645 2.8346 1.63673 0.0660453
0.65 2.83514 1.63729 0.0428478
0.655 2.83549 1.63766 0.019638
0.66 2.83566 1.63783 -0.00357983
0.665 2.83563 1.6378 -0.0268014
0.67 2.83541 1.63757 -0.0500222
0.675 2.835 1.63714 -0.0732381
0.68 2.8344 1.63652 -0.0964445
0.685 2.83361 1.6357 -0.119637
0.69 2.83263 1.63468 -0.142812
0.695 2.83146 1.63347 -0.165964
0.7 2.83011 1.63206 -0.18909
0.705 2.82856 1.63045 -0.212184
0.71 2.82683 1.62865 -0.235243
0.715 2.82492 1.62666 -0.258263
0.72 2.82282 1.62447 -0.281239
0.725 2.82053 1.62209 -0.304167
0.73 2.81807 1.61951 -0.327043
0.735 2.81542 1.61675 -0.349862
0.74 2.81259 1.61379 -0.372621
0.745 2.80958 1.61065 -0.395316
0.75 2.8064 1.60732 -0.417942
0.755 2.80304 1.6038 -0.440496
0.76 2.79951 1.60009 -0.462974
0.765 2.7958 1.59621 -0.485371
0.77 2.79193 1.59213 -0.507684
0.775 2.78789 1.58788 -0.52991
0.78 2.78368 1.58345 -0.552044
0.785 2.77931 1.57884 -0.574083
0.79 2.77478 1.57405 -0.596024
0.795 2.77009 1.56909 -0.617862
0.8 2.76524 1.56396 -0.639595
0.805 2.76024 1.55865 -0.661218
0.81 2.75509 1.55318 -0.68273
0.815 2.74978 1.54753 -0.704125
0.82 2.74434 1.54173 -0.725402
0.825 2.73874 1.53575 -0.746557
0.83 2.73301 1.52962 -0.767587
0.835 2.72714 1.52333 -0.78849
0.84 2.72114 1.51687 -0.809261
0.845 2.715 1.51027 -0.829899
0.85 2.70873 1.50351 -0.850401
0.855 2.70234 1.4966 -0.870764
0.86 2.69582 1.48954 -0.890986
0.865 2.68919 1.48233 -0.911064
0.87 2.68243 1.47498 -0.930995
0.875 2.67557 1.46749 -0.950778
0.88 2.66859 1.45986 -0.970409
0.885 2.66151 1.45209 -0.989888
0.89 2.65432 1.44419 -1.00921
0.895 2.64703 1.43615 -1.02838
0.9 2.63965 1.42798 -1.04739
0.905 2.63217 1.41969 -1.06623
0.91 2.6246 1.41127 -1.08492
0.915 2.61695 1.40273 -1.10344
0.92 2.60921 1.39406 -1.12179
0.925 2.60139 1.38528 -1.13998
0.93 2.59349 1.37639 -1.158
0.935 2.58552 1.36738 -1.17585
0.94 2.57748 1.35826 -1.19352
0.945 2.56938 1.34903 -1.21103
0.95 2.56121 1.33969 -1.22836
0.955 2.55298 1.33026 -1.24551
0.96 2.5447 1.32072 -1.26249
0.965 2.53636 1.31108 -1.2793
0.97 2.52797 1.30134 -1.29593
0.975 2.51954 1.29152 -1.31237
0.98 2.51107 1.2816 -1.32864
0.985 2.50255 1.27159 -1.34474
0.99 2.494 1.26149 -1.36065
0.995 2.48542 1.25131 -1.37638
1 2.47681 1.24105 -1.39193
1.005 2.46817 1.23071 -1.4073
1.01 2.45951 1.22028 -1.42248
1.015 2.45083 1.20979 -1.43749
1.02 2.44214 1.19922 -1.45232
1.025 2.43343 1.18858 -1.46696
1.03 2.42471 1.17787 -1.48142
1.035 2.41599 1.16709 -1.4957
1.04 2.40726 1.15625 -1.5098
1.045 2.39853 1.14535 -1.52372
1.05 2.38981 1.13439 -1.53745
1.055 2.38109 1.12336 -1.55101
1.06 2.37237 1.11228 -1.56438
1.065 2.36367 1.10115 -1.57757
1.07 2.35499 1.08996 -1.59059
1.075 2.34632 1.07873 -1.60342
1.08 2.33767 1.06744 -1.61608
1.085 2.32905 1.05611 -1.62855
1.09 2.32045 1.04473 -1.64085
1.095 2.31187 1.0333 -1.65297
1.1 2.30333 1.02184 -1.66492
1.105 2.29483 1.01034 -1.67669
1.11 2.28636 0.998792 -1.68828
1.115 2.27793 0.987212 -1.6997
1.12 2.26954 0.975597 -1.71094
1.125 2.26119 0.963948 -1.72201
1.13 2.25289 0.952267 -1.73291
1.135 2.24464 0.940554 -1.74364
1.14 2.23644 0.928813 -1.75419
1.145 2.22829 0.917043 -1.76458
1.15 2.2202 0.905247 -1.7748
1.155 2.21217 0.893426 -1.78485
1.16 2.2042 0.881581 -1.79473
1.165 2.19629 0.869713 -1.80444
1.17 2.18844 0.857824 -1.81399
1.175 2.18066 0.845915 -1.82338
1.18 2.17295 0.833986 -1.8326
1.185 2.1653 0.82204 -1.84167
1.19 2.15773 0.810076 -1.85057
1.195 2.15024 0.798097 -1.85931
1.2 2.14282 0.786103 -1.86789
1.205 2.13548 0.774096 -1.87631
1.21 2.12822 0.762075 -1.88457
1.215 2.12103 0.750043 -1.89268
1.22 2.11394 0.738 -1.90064
1.225 2.10692 0.725946 -1.90844
1.23 2.1 0.713883 -1.91608
1.235 2.09316 0.701812 -1.92358
1.24 2.08641 0.689733 -1.93093
1.245 2.07975 0.677647 -1.93812
1.25 2.07318 0.665554 -1.94517
1.255 2.06671 0.653456 -1.95207
1.26 2.06033 0.641353 -1.95882
1.265 2.05405 0.629246 -1.96543
1.27 2.04787 0.617135 -1.97189
1.275 2.04178 0.60502 -1.97821
1.28 2.0358 0.592903 -1.98438
1.285 2.02991 0.580783 -1.99042
1.29 2.02413 0.568662 -1.99631
1.295 2.01846 0.55654 -2.00207
1.3 2.01289 0.544417 -2.00769
1.305 2.00742 0.532293 -2.01317
1.31 2.00206 0.520169 -2.01851
1.315 1.99681 0.508046 -2.02372
1.32 1.99167 0.495923 -2.02879
1.325 1.98664 0.483801 -2.03373
1.33 1.98172 0.47168 -2.03853
1.335 1.97691 0.45956 -2.04321
1.34 1.97222 0.447443 -2.04775
1.345 1.96764 0.435327 -2.05216
1.35 1.96317 0.423213 -2.05644
1.355 1.95882 0.411102 -2.0606
1.36 1.95458 0.398993 -2.06462
1.365 1.95047 0.386886 -2.06852
1.37 1.94646 0.374782 -2.0723
1.375 1.94258 0.362681 -2.07594
1.38 1.93882 0.350583 -2.07947
1.385 1.93517 0.338488 -2.08286
1.39 1.93165 0.326396 -2.08614
1.395 1.92824 0.314307 -2.08929
1.4 1.92496 0.302221 -2.09232
1.405 1.9218 0.290138 -2.09523
1.41 1.91876 0.278058 -2.09802
1.415 1.91584 0.265982 -2.10069
1.42 1.91305 0.253908 -2.10324
1.425 1.91038 0.241837 -2.10566
1.43 1.90783 0.229769 -2.10797
1.435 1.90541 0.217704 -2.11017
1.44 1.90311 0.205642 -2.11224
1.445 1.90094 0.193583 -2.1142
1.45 1.89889 0.181526 -2.11604
1.455 1.89697 0.169471 -2.11776
1.46 1.89518 0.157419 -2.11937
1.465 1.89351 0.14537 -2.12086
1.47 1.89197 0.133322 -2.12224
1.475 1.89055 0.121276 -2.1235
1.48 1.88927 0.109233 -2.12464
1.485 1.88811 0.0971906 -2.12567
1.49 1.88707 0.0851501 -2.12659
1.495 1.88617 0.073111 -2.1274
1.5 1.88539 0.0610731 -2.12809
1.505 1.88474 0.0490363 -2.12866
1.51 1.88422 0.0370004 -2.12912
1.515 1.88382 0.0249652 -2.12947
1.52 1.88356 0.0129305 -2.12971
1.525 1.88342 0.000896254 -2.12983
1.53 1.88341 -0.0111378 -2.12984
1.535 1.88353 -0.0231719 -2.12973
1.54 1.88378 -0.0352062 -2.12951
1.545 1.88415 -0.0472407 -2.12918
1.55 1.88465 -0.0592758 -2.12874
1.555 1.88529 -0.0713116 -2.12818
1.56 1.88604 -0.0833483 -2.12751
1.565 1.88693 -0.095386 -2.12672
1.57 1.88794 -0.107425 -2.12582
1.575 1.88909 -0.119465 -2.12481
1.58 1.89036 -0.131507 -2.12368
1.585 1.89175 -0.143551 -2.12244
1.59 1.89328 -0.155596 -2.12108
1.595 1.89493 -0.167643 -2.1196
1.6 1.8967 -0.179693 -2.11802
1.605 1.89861 -0.191745 -2.11631
1.61 1.90063 -0.203799 -2.11449
1.615 1.90279 -0.215855 -2.11255
1.62 1.90507 -0.227915 -2.1105
1.625 1.90747 -0.239976 -2.10833
1.63 1.91 -0.252041 -2.10604
1.635 1.91266 -0.264109 -2.10363
1.64 1.91544 -0.276179 -2.10111
1.645 1.91834 -0.288253 -2.09846
1.65 1.92136 -0.30033 -2.0957
1.655 1.92451 -0.31241 -2.09281
1.66 1.92778 -0.324492 -2.08981
1.665 1.93117 -0.336579 -2.08668
1.67 1.93468 -0.348668 -2.08343
1.675 1.93831 -0.36076 -2.08006
1.68 1.94206 -0.372855 -2.07656
1.685 1.94594 -0.384954 -2.07294
1.69 1.94993 -0.397055 -2.06919
1.695 1.95403 -0.40916 -2.06532
1.7 1.95826 -0.421267 -2.06133
1.705 1.9626 -0.433377 -2.0572
1.71 1.96706 -0.445489 -2.05295
1.715 1.97163 -0.457604 -2.04857
1.72 1.97632 -0.469721 -2.04406
1.725 1.98112 -0.48184 -2.03941
1.73 1.98603 -0.493961 -2.03464
1.735 1.99106 -0.506084 -2.02974
1.74 1.99619 -0.518208 -2.0247
1.745 2.00144 -0.530333 -2.01953
1.75 2.00679 -0.542458 -2.01422
1.755 2.01226 -0.554585 -2.00878
1.76 2.01783 -0.566711 -2.0032
1.765 2.0235 -0.578838 -1.99748
1.77 2.02929 -0.590963 -1.99162
1.775 2.03517 -0.603088 -1.98563
1.78 2.04116 -0.615211 -1.97949
1.785 2.04725 -0.627333 -1.97321
1.79 2.05344 -0.639452 -1.96679
1.795 2.05972 -0.651568 -1.96022
1.8 2.06611 -0.66368 -1.95351
1.805 2.07259 -0.675789 -1.94666
1.81 2.07917 -0.687893 -1.93965
1.815 2.08584 -0.699991 -1.9325
1.82 2.09261 -0.712084 -1.9252
1.825 2.09946 -0.72417 -1.91775
1.83 2.1064 -0.736249 -1.91015
1.835 2.11344 -0.748319 -1.9024
1.84 2.12055 -0.760381 -1.89449
1.845 2.12776 -0.772433 -1.88643
1.85 2.13504 -0.784475 -1.87821
1.855 2.14241 -0.796505 -1.86983
1.86 2.14986 -0.808523 -1.8613
1.865 2.15738 -0.820527 -1.85261
1.87 2.16498 -0.832518 -1.84376
1.875 2.17266 -0.844493 -1.83475
1.88 2.1804 -0.856452 -1.82557
1.885 2.18822 -0.868393 -1.81624
1.89 2.19611 -0.880316 -1.80674
1.895 2.20406 -0.892219 -1.79707
1.9 2.21208 -0.904102 -1.78724
1.905 2.22016 -0.915962 -1.77724
1.91 2.22829 -0.9278 -1.76707
1.915 2.23649 -0.939612 -1.75673
1.92 2.24475 -0.951399 -1.74622
1.925 2.25305 -0.963159 -1.73555
1.93 2.26141 -0.974889 -1.7247
1.935 2.26982 -0.98659 -1.71367
1.94 2.27827 -0.998259 -1.70248
1.945 2.28677 -1.0099 -1.6911
1.95 2.29531 -1.0215 -1.67956
1.955 2.30389 -1.03306 -1.66783
1.96 2.3125 -1.04459 -1.65593
1.965 2.32115 -1.05608 -1.64386
1.97 2.32983 -1.06752 -1.6316
1.975 2.33854 -1.07893 -1.61916
1.98 2.34727 -1.09029 -1.60655
1.985 2.35603 -1.1016 -1.59375
1.99 2.36481 -1.11287 -1.58077
1.995 2.37361 -1.12408 -1.56762
2 2.38242 -1.13524 -1.55428
2.005 2.39124 -1.14635 -1.54075
2.01 2.40007 -1.15741 -1.52705
2.015 2.40891 -1.1684 -1.51316
2.02 2.41775 -1.17934 -1.49908
2.025 2.42659 -1.19021 -1.48483
2.03 2.43542 -1.20102 -1.47039
2.035 2.44425 -1.21176 -1.45576
2.04 2.45307 -1.22244 -1.44095
2.045 2.46188 -1.23304 -1.42596
2.05 2.47067 -1.24357 -1.41078
2.055 2.47944 -1.25403 -1.39542
2.06 2.48819 -1.26441 -1.37987
2.065 2.49692 -1.27471 -1.36414
2.07 2.50561 -1.28493 -1.34823
2.075 2.51427 -1.29506 -1.33213
2.08 2.5229 -1.30511 -1.31585
2.085 2.53149 -1.31507 -1.29939
2.09 2.54003 -1.32494 -1.28274
2.095 2.54853 -1.33471 -1.26591
2.1 2.55697 -1.34439 -1.24891
2.105 2.56537 -1.35397 -1.23172
2.11 2.57371 -1.36345 -1.21435
2.115 2.58199 -1.37283 -1.19681
2.12 2.5902 -1.3821 -1.17908
2.125 2.59835 -1.39126 -1.16118
2.13 2.60643 -1.40031 -1.14311
2.135 2.61443 -1.40925 -1.12486
2.14 2.62236 -1.41807 -1.10644
2.145 2.6302 -1.42677 -1.08784
2.15 2.63796 -1.43536 -1.06908
2.155 2.64564 -1.44382 -1.05015
2.16 2.65322 -1.45215 -1.03105
2.165 2.6607 -1.46036 -1.01178
2.17 2.66809 -1.46844 -0.992357
2.175 2.67538 -1.47638 -0.972767
2.18 2.68256 -1.48419 -0.953018
2.185 2.68963 -1.49186 -0.933111
2.19 2.69659 -1.49939 -0.913048
2.195 2.70344 -1.50677 -0.892832
2.2 2.71016 -1.51401 -0.872465
2.205 2.71677 -1.52111 -0.851948
2.21 2.72325 -1.52805 -0.831286
2.215 2.7296 -1.53484 -0.81048
2.22 2.73582 -1.54148 -0.789532
2.225 2.7419 -1.54796 -0.768446
2.23 2.74785 -1.55428 -0.747224
2.235 2.75366 -1.56044 -0.72587
2.24 2.75932 -1.56644 -0.704385
2.245 2.76484 -1.57227 -0.682774
2.25 2.7702 -1.57793 -0.661038
2.255 2.77542 -1.58342 -0.639182
2.26 2.78048 -1.58875 -0.617209
2.265 2.78538 -1.59389 -0.595122
2.27 2.79013 -1.59887 -0.572924
2.275 2.79471 -1.60366 -0.550618
2.28 2.79912 -1.60828 -0.52821
2.285 2.80337 -1.61272 -0.505701
2.29 2.80745 -1.61697 -0.483096
2.295 2.81135 -1.62104 -0.460398
2.3 2.81508 -1.62492 -0.437611
2.305 2.81864 -1.62862 -0.41474
2.31 2.82202 -1.63212 -0.391787
2.315 2.82521 -1.63544 -0.368758
2.32 2.82823 -1.63857 -0.345656
2.325 2.83106 -1.6415 -0.322485
2.33 2.83371 -1.64424 -0.299249
2.335 2.83617 -1.64678 -0.275952
2.34 2.83844 -1.64913 -0.2526
2.345 2.84052 -1.65128 -0.229195
2.35 2.84242 -1.65323 -0.205742
2.355 2.84412 -1.65499 -0.182246
2.36 2.84562 -1.65654 -0.158712
2.365 2.84694 -1.6579 -0.135142
2.37 2.84806 -1.65905 -0.111542
2.375 2.84898 -1.66 -0.087917
2.38 2.84971 -1.66076 -0.0642704
2.385 2.85025 -1.66131 -0.040607
2.39 2.85058 -1.66165 -0.0169313
2.395 2.85073 -1.6618 0.00675208
2.4 2.85067 -1.66174 0.0304387
2.405 2.85042 -1.66148 0.0541241
2.41 2.84997 -1.66102 0.0778036
2.415 2.84932 -1.66035 0.101473
2.42 2.84848 -1.65948 0.125127
2.425 2.84744 -1.65841 0.148762
2.43 2.84621 -1.65714 0.172373
2.435 2.84478 -1.65567 0.195956
2.44 2.84316 -1.654 0.219506
2.445 2.84134 -1.65213 0.243019
2.45 2.83933 -1.65006 0.266491
2.455 2.83713 -1.64779 0.289916
2.46 2.83475 -1.64532 0.313291
2.465 2.83217 -1.64265 0.336611
2.47 2.8294 -1.63979 0.359872
2.475 2.82645 -1.63674 0.383071
2.48 2.82332 -1.63349 0.406201
2.485 2.82 -1.63005 0.429261
2.49 2.8165 -1.62642 0.452244
2.495 2.81282 -1.6226 0.475149
2.5 2.80897 -1.61859 0.497969
2.505 2.80494 -1.61439 0.520702
2.51 2.80074 -1.61001 0.543343
2.515 2.79636 -1.60544 0.565889
2.52 2.79182 -1.6007 0.588336
2.525 2.78711 -1.59577 0.610681
2.53 2.78224 -1.59066 0.632919
2.535 2.77721 -1.58538 0.655047
2.54 2.77201 -1.57992 0.677061
2.545 2.76666 -1.57429 0.698959
2.55 2.76116 -1.56849 0.720737
2.555 2.75551 -1.56252 0.742391
2.56 2.74971 -1.55638 0.763919
2.565 2.74377 -1.55008 0.785317
2.57 2.73768 -1.54362 0.806582
2.575 2.73145 -1.53699 0.827712
2.58 2.72509 -1.53021 0.848703
2.585 2.7186 -1.52327 0.869553
2.59 2.71198 -1.51618 0.890259
2.595 2.70523 -1.50894 0.910818
2.6 2.69836 -1.50155 0.931228
2.605 2.69136 -1.49401 0.951486
2.61 2.68426 -1.48633 0.971591
2.615 2.67704 -1.4785 0.991539
2.62 2.66971 -1.47054 1.01133
2.625 2.66227 -1.46244 1.03096
2.63 2.65473 -1.4542 1.05043
2.635 2.64709 -1.44584 1.06973
2.64 2.63936 -1.43734 1.08886
2.645 2.63154 -1.42872 1.10783
2.65 2.62362 -1.41998 1.12663
2.655 2.61562 -1.41111 1.14526
2.66 2.60754 -1.40212 1.16371
2.665 2.59938 -1.39302 1.18199
2.67 2.59115 -1.3838 1.2001
2.675 2.58285 -1.37447 1.21803
2.68 2.57448 -1.36503 1.23578
2.685 2.56604 -1.35549 1.25335
2.69 2.55755 -1.34584 1.27074
2.695 2.549 -1.33609 1.28795
2.7 2.54039 -1.32624 1.30498
2.705 2.53174 -1.3163 1.32182
2.71 2.52304 -1.30626 1.33849
2.715 2.5143 -1.29613 1.35497
2.72 2.50552 -1.28591 1.37126
2.725 2.4967 -1.2756 1.38737
2.73 2.48785 -1.26521 1.40329
2.735 2.47897 -1.25473 1.41903
2.74 2.47007 -1.24418 1.43458
2.745 2.46115 -1.23355 1.44995
2.75 2.4522 -1.22284 1.46513
2.755 2.44325 -1.21207 1.48012
2.76 2.43428 -1.20122 1.49493
2.765 2.4253 -1.1903 1.50955
2.77 2.41631 -1.17932 1.52398
2.775 2.40733 -1.16827 1.53823
2.78 2.39834 -1.15716 1.55229
2.785 2.38936 -1.14599 1.56617
2.79 2.38039 -1.13476 1.57986
2.795 2.37142 -1.12348 1.59337
2.8 2.36247 -1.11215 1.60669
2.805 2.35354 -1.10076 1.61983
2.81 2.34462 -1.08932 1.63278
2.815 2.33573 -1.07784 1.64555
2.82 2.32686 -1.06631 1.65814
2.825 2.31802 -1.05473 1.67054
2.83 2.30921 -1.04312 1.68277
2.835 2.30043 -1.03146 1.69481
2.84 2.29169 -1.01976 1.70668
2.845 2.28299 -1.00803 1.71836
2.85 2.27433 -0.996259 1.72987
2.855 2.26571 -0.984456 1.7412
2.86 2.25714 -0.972621 1.75235
2.865 2.24862 -0.960755 1.76333
2.87 2.24015 -0.94886 1.77413
2.875 2.23173 -0.936937 1.78476
2.88 2.22337 -0.924988 1.79521
2.885 2.21507 -0.913014 1.80549
2.89 2.20683 -0.901016 1.81561
2.895 2.19865 -0.888995 1.82555
2.9 2.19053 -0.876954 1.83532
2.905 2.18249 -0.864893 1.84493
2.91 2.17451 -0.852814 1.85436
2.915 2.1666 -0.840717 1.86364
2.92 2.15877 -0.828603 1.87274
2.925 2.15101 -0.816475 1.88169
2.93 2.14333 -0.804332 1.89047
2.935 2.13572 -0.792177 1.89909
2.94 2.1282 -0.780009 1.90755
2.945 2.12076 -0.76783 1.91585
2.95 2.11341 -0.755641 1.92399
2.955 2.10614 -0.743442 1.93197
2.96 2.09896 -0.731235 1.9398
2.965 2.09186 -0.719021 1.94748
2.97 2.08486 -0.706799 1.955
2.975 2.07795 -0.694571 1.96237
2.98 2.07114 -0.682338 1.96958
2.985 2.06442 -0.670101 1.97665
2.99 2.0578 -0.657859 1.98356
2.995 2.05127 -0.645613 1.99033
3 2.04485 -0.633365 1.99695
3.005 2.03852 -0.621115 2.00343
3.01 2.0323 -0.608863 2.00976
3.015 2.02618 -0.596609 2.01595
3.02 2.02017 -0.584355 2.02199
3.025 2.01426 -0.572101 2.0279
3.03 2.00846 -0.559847 2.03366
3.035 2.00277 -0.547593 2.03928
3.04 1.99718 -0.535341 2.04476
3.045 1.99171 -0.52309 2.05011
3.05 1.98635 -0.51084 2.05532
3.055 1.9811 -0.498592 2.06039
3.06 1.97596 -0.486347 2.06533
3.065 1.97094 -0.474104 2.07013
3.07 1.96603 -0.461863 2.07481
3.075 1.96124 -0.449626 2.07935
3.08 1.95657 -0.437392 2.08376
3.085 1.95201 -0.42516 2.08804
3.09 1.94757 -0.412933 2.09218
3.095 1.94325 -0.400709 2.09621
3.1 1.93905 -0.388488 2.1001
3.105 1.93497 -0.376272 2.10387
3.11 1.93101 -0.364059 2.10751
3.115 1.92718 -0.35185 2.11102
3.12 1.92346 -0.339645 2.11441
3.125 1.91987 -0.327444 2.11768
3.13 1.91641 -0.315247 2.12082
3.135 1.91306 -0.303054 2.12384
3.14 1.90984 -0.290865 2.12674
3.145 1.90675 -0.27868 2.12952
3.15 1.90378 -0.266499 2.13218
3.155 1.90094 -0.254321 2.13471
3.16 1.89823 -0.242147 2.13713
3.165 1.89564 -0.229977 2.13943
3.17 1.89318 -0.21781 2.14161
3.175 1.89085 -0.205647 2.14367
3.18 1.88864 -0.193487 2.14561
3.185 1.88657 -0.18133 2.14744
3.19 1.88462 -0.169176 2.14915
3.195 1.8828 -0.157025 2.15075
3.2 1.88112 -0.144876 2.15222
3.205 1.87956 -0.132731 2.15359
3.21 1.87813 -0.120587 2.15483
3.215 1.87683 -0.108446 2.15597
3.22 1.87566 -0.0963071 2.15698
3.225 1.87462 -0.0841698 2.15789
3.23 1.87371 -0.0720341 2.15868
3.235 1.87293 -0.0598999 2.15935
3.24 1.87229 -0.047767 2.15991
3.245 1.87177 -0.035635 2.16036
3.25 1.87139 -0.023504 2.16069
3.255 1.87113 -0.0113735 2.16091
3.26 1.87101 0.000756582 2.16102
3.265 1.87102 0.0128864 2.16101
3.27 1.87116 0.0250163 2.16089
3.275 1.87143 0.0371464 2.16066
3.28 1.87183 0.049277 2.16031
3.285 1.87236 0.0614081 2.15985
3.29 1.87302 0.0735402 2.15927
3.295 1.87382 0.0856733 2.15858
3.3 1.87474 0.0978077 2.15778
3.305 1.8758 0.109944 2.15686
3.31 1.87698 0.122081 2.15583
3.315 1.8783 0.13422 2.15469
3.32 1.87975 0.146362 2.15343
3.325 1.88132 0.158506 2.15205
3.33 1.88303 0.170652 2.15056
3.335 1.88486 0.1828 2.14895
3.34 1.88683 0.194952 2.14723
3.345 1.88892 0.207106 2.14539
3.35 1.89114 0.219264 2.14344
3.355 1.89349 0.231424 2.14136
3.36 1.89597 0.243588 2.13917
3.365 1.89857 0.255756 2.13686
3.37 1.90131 0.267927 2.13443
3.375 1.90417 0.280101 2.13189
3.38 1.90715 0.29228 2.12922
3.385 1.91026 0.304462 2.12643
3.39 1.9135 0.316648 2.12353
3.395 1.91686 0.328838 2.1205
3.4 1.92035 0.341032 2.11734
3.405 1.92396 0.35323 2.11407
3.41 1.92769 0.365433 2.11067
3.415 1.93155 0.377639 2.10715
3.42 1.93553 0.389849 2.1035
3.425 1.93963 0.402063 2.09973
3.43 1.94385 0.414281 2.09583
3.435 1.94819 0.426503 2.0918
3.44 1.95265 0.438729 2.08765
3.445 1.95723 0.450958 2.08337
3.45 1.96193 0.463191 2.07895
3.455 1.96674 0.475427 2.07441
3.46 1.97168 0.487667 2.06973
3.465 1.97672 0.499909 2.06493
3.47 1.98188 0.512155 2.05999
3.475 1.98716 0.524403 2.05491
3.48 1.99255 0.536653 2.0497
3.485 1.99805 0.548905 2.04435
3.49 2.00366 0.561159 2.03887
3.495 2.00938 0.573415 2.03325
3.5 2.01521 0.585672 2.02749
3.505 2.02114 0.597929 2.02159
3.51 2.02719 0.610187 2.01554
3.515 2.03334 0.622445 2.00936
3.52 2.03959 0.634702 2.00303
3.525 2.04595 0.646958 1.99656
3.53 2.05241 0.659212 1.98994
3.535 2.05897 0.671465 1.98317
3.54 2.06562 0.683715 1.97626
3.545 2.07238 0.695961 1.9692
3.55 2.07923 0.708204 1.96199
3.555 2.08618 0.720442 1.95463
3.56 2.09322 0.732676 1.94711
3.565 2.10035 0.744903 1.93944
3.57 2.10758 0.757123 1.93162
3.575 2.11489 0.769336 1.92364
3.58 2.12229 0.781541 1.91551
3.585 2.12977 0.793737 1.90721
3.59 2.13734 0.805923 1.89876
3.595 2.14499 0.818098 1.89015
3.6 2.15273 0.830261 1.88137
3.605 2.16054 0.842411 1.87244
3.61 2.16842 0.854547 1.86334
3.615 2.17638 0.866669 1.85407
3.62 2.18442 0.878774 1.84464
3.625 2.19252 0.890863 1.83504
3.63 2.2007 0.902933 1.82528
3.635 2.20894 0.914984 1.81534
3.64 2.21724 0.927014 1.80524
3.645 2.22561 0.939022 1.79496
3.65 2.23404 0.951006 1.78451
3.655 2.24252 0.962966 1.77389
3.66 2.25106 0.9749 1.76309
3.665 2.25966 0.986807 1.75212
3.67 2.2683 0.998684 1.74097
3.675 2.277 1.01053 1.72964
3.68 2.28574 1.02235 1.71814
3.685 2.29452 1.03413 1.70645
3.69 2.30334 1.04587 1.69459
3.695 2.3122 1.05758 1.68254
3.7 2.3211 1.06926 1.67032
3.705 2.33003 1.08089 1.65791
3.71 2.33899 1.09248 1.64531
3.715 2.34798 1.10402 1.63254
3.72 2.35699 1.11552 1.61958
3.725 2.36602 1.12697 1.60643
3.73 2.37508 1.13837 1.5931
3.735 2.38414 1.14973 1.57958
3.74 2.39322 1.16102 1.56587
3.745 2.40231 1.17227 1.55198
3.75 2.41141 1.18345 1.5379
3.755 2.42051 1.19458 1.52363
3.76 2.42961 1.20564 1.50917
3.765 2.43871 1.21664 1.49453
3.77 2.4478 1.22757 1.47969
3.775 2.45688 1.23844 1.46467
3.78 2.46595 1.24924 1.44945
3.785 2.47501 1.25996 1.43405
3.79 2.48404 1.27061 1.41846
3.795 2.49305 1.28118 1.40268
3.8 2.50204 1.29167 1.38671
3.805 2.51099 1.30208 1.37055
3.81 2.51992 1.3124 1.3542
3.815 2.5288 1.32264 1.33767
3.82 2.53765 1.33279 1.32094
3.825 2.54645 1.34284 1.30403
3.83 2.55521 1.3528 1.28693
3.835 2.56391 1.36267 1.26965
3.84 2.57256 1.37244 1.25218
3.845 2.58115 1.3821 1.23453
3.85 2.58969 1.39166 1.21669
3.855 2.59815 1.40111 1.19867
3.86 2.60655 1.41045 1.18047
3.865 2.61487 1.41969 1.16209
3.87 2.62312 1.4288 1.14353
3.875 2.63129 1.4378 1.12479
3.88 2.63938 1.44668 1.10587
3.885 2.64738 1.45544 1.08678
3.89 2.65529 1.46407 1.06751
3.895 2.6631 1.47257 1.04808
3.9 2.67082 1.48094 1.02847
3.905 2.67843 1.48918 1.00869
3.91 2.68594 1.49729 0.988748
3.915 2.69335 1.50526 0.968639
3.92 2.70064 1.51308 0.948369
3.925 2.70781 1.52077 0.927937
3.93 2.71487 1.52831 0.907347
3.935 2.7218 1.5357 0.886602
3.94 2.72861 1.54293 0.865702
3.945 2.73529 1.55002 0.844652
3.95 2.74183 1.55695 0.823453
3.955 2.74824 1.56373 0.802109
3.96 2.75451 1.57034 0.780621
3.965 2.76064 1.57679 0.758994
3.97 2.76663 1.58308 0.737229
3.975 2.77246 1.58919 0.71533
3.98 2.77815 1.59514 0.6933
3.985 2.78368 1.60092 0.671142
3.99 2.78905 1.60653 0.64886
3.995 2.79426 1.61196 0.626457
4 2.79931 1.61721 0.603936
4.005 2.80419 1.62228 0.5813
4.01 2.80891 1.62717 0.558554
4.015 2.81345 1.63188 0.535701
4.02 2.81782 1.6364 0.512745
4.025 2.82202 1.64073 0.48969
4.03 2.82604 1.64488 0.466539
4.035 2.82987 1.64883 0.443297
4.04 2.83353 1.6526 0.419967
4.045 2.837 1.65617 0.396553
4.05 2.84028 1.65954 0.373061
4.055 2.84338 1.66272 0.349493
4.06 2.84628 1.6657 0.325854
4.065 2.849 1.66848 0.302149
4.07 2.85152 1.67107 0.278381
4.075 2.85384 1.67345 0.254556
4.08 2.85597 1.67563 0.230677
4.085 2.85791 1.6776 0.206749
4.09 2.85964 1.67938 0.182777
4.095 2.86118 1.68094 0.158765
4.1 2.86251 1.68231 0.134718
4.105 2.86364 1.68346 0.110639
4.11 2.86457 1.68442 0.0865352
4.115 2.8653 1.68516 0.0624096
4.12 2.86583 1.6857 0.0382671
4.125 2.86615 1.68602 0.0141126
4.13 2.86627 1.68615 -0.0100494
4.135 2.86619 1.68606 -0.0342142
4.14 2.8659 1.68576 -0.058377
4.145 2.86541 1.68526 -0.0825331
4.15 2.86471 1.68455 -0.106678
4.155 2.86381 1.68364 -0.130807
4.16 2.86271 1.68251 -0.154915
4.165 2.86141 1.68118 -0.178998
4.17 2.8599 1.67965 -0.20305
4.175 2.8582 1.6779 -0.227068
4.18 2.85629 1.67596 -0.251047
4.185 2.85419 1.67381 -0.274982
4.19 2.85189 1.67145 -0.298869
4.195 2.84939 1.66889 -0.322703
4.2 2.8467 1.66614 -0.34648
4.205 2.84381 1.66318 -0.370195
4.21 2.84073 1.66002 -0.393843
4.215 2.83746 1.65666 -0.417422
4.22 2.834 1.65311 -0.440925
4.225 2.83036 1.64936 -0.46435
4.23 2.82653 1.64542 -0.487691
4.235 2.82252 1.64128 -0.510946
4.24 2.81833 1.63696 -0.534108
4.245 2.81395 1.63244 -0.557176
4.25 2.80941 1.62774 -0.580144
4.255 2.80468 1.62285 -0.603009
4.26 2.79979 1.61777 -0.625766
4.265 2.79473 1.61252 -0.648413
4.27 2.7895 1.60708 -0.670946
4.275 2.78411 1.60147 -0.693361
4.28 2.77856 1.59567 -0.715654
4.285 2.77285 1.58971 -0.737823
4.29 2.76698 1.58357 -0.759863
4.295 2.76097 1.57726 -0.781771
4.3 2.7548 1.57079 -0.803545
4.305 2.74849 1.56415 -0.825181
4.31 2.74204 1.55734 -0.846676
4.315 2.73545 1.55038 -0.868028
4.32 2.72872 1.54325 -0.889233
4.325 2.72185 1.53598 -0.910288
4.33 2.71486 1.52854 -0.931192
4.335 2.70775 1.52096 -0.951941
4.34 2.70051 1.51323 -0.972533
4.345 2.69315 1.50535 -0.992965
4.35 2.68568 1.49732 -1.01324
4.355 2.67809 1.48916 -1.03334
4.36 2.6704 1.48086 -1.05328
4.365 2.6626 1.47242 -1.07306
4.37 2.6547 1.46385 -1.09266
4.375 2.6467 1.45515 -1.11209
4.38 2.63861 1.44632 -1.13134
4.385 2.63043 1.43736 -1.15043
4.39 2.62216 1.42828 -1.16933
4.395 2.61381 1.41908 -1.18806
4.4 2.60538 1.40977 -1.2066
4.405 2.59687 1.40034 -1.22497
4.41 2.5883 1.39079 -1.24315
4.415 2.57965 1.38114 -1.26115
4.42 2.57094 1.37138 -1.27896
4.425 2.56217 1.36152 -1.29659
4.43 2.55335 1.35155 -1.31403
4.435 2.54447 1.34148 -1.33129
4.44 2.53554 1.33132 -1.34836
4.445 2.52656 1.32107 -1.36523
4.45 2.51754 1.31072 -1.38192
4.455 2.50849 1.30028 -1.39842
4.46 2.4994 1.28976 -1.41473
4.465 2.49027 1.27915 -1.43085
4.47 2.48112 1.26846 -1.44678
4.475 2.47195 1.25769 -1.46251
4.48 2.46275 1.24684 -1.47806
4.485 2.45353 1.23592 -1.49341
4.49 2.4443 1.22493 -1.50857
4.495 2.43507 1.21387 -1.52354
4.5 2.42582 1.20274 -1.53832
4.505 2.41657 1.19155 -1.55291
4.51 2.40732 1.18029 -1.56731
4.515 2.39807 1.16897 -1.58151
4.52 2.38882 1.15759 -1.59553
4.525 2.37959 1.14616 -1.60936
4.53 2.37036 1.13467 -1.62299
4.535 2.36116 1.12313 -1.63644
4.54 2.35197 1.11153 -1.6497
4.545 2.3428 1.09989 -1.66277
4.55 2.33365 1.08821 -1.67566
4.555 2.32454 1.07648 -1.68835
4.56 2.31545 1.0647 -1.70086
4.565 2.3064 1.05289 -1.71319
4.57 2.29738 1.04103 -1.72533
4.575 2.2884 1.02914 -1.73729
4.58 2.27946 1.01722 -1.74907
4.585 2.27056 1.00526 -1.76066
4.59 2.26171 0.993262 -1.77207
4.595 2.25291 0.981238 -1.7833
4.6 2.24416 0.969185 -1.79436
4.605 2.23547 0.957105 -1.80523
4.61 2.22683 0.944998 -1.81593
4.615 2.21825 0.932867 -1.82645
4.62 2.20973 0.920712 -1.8368
4.625 2.20127 0.908536 -1.84697
4.63 2.19288 0.896339 -1.85697
4.635 2.18456 0.884123 -1.8668
4.64 2.17631 0.871888 -1.87646
4.645 2.16813 0.859637 -1.88594
4.65 2.16002 0.84737 -1.89526
4.655 2.15199 0.835089 -1.90441
4.66 2.14404 0.822794 -1.9134
4.665 2.13617 0.810487 -1.92222
4.67 2.12838 0.798168 -1.93088
4.675 2.12067 0.785839 -1.93937
4.68 2.11305 0.773501 -1.9477
4.685 2.10552 0.761154 -1.95588
4.69 2.09807 0.7488 -1.96389
4.695 2.09072 0.736438 -1.97174
4.7 2.08346 0.724071 -1.97944
4.705 2.0763 0.711699 -1.98699
4.71 2.06922 0.699322 -1.99437
4.715 2.06225 0.686942 -2.00161
4.72 2.05538 0.674558 -2.00869
4.725 2.0486 0.662173 -2.01562
4.73 2.04193 0.649785 -2.02241
4.735 2.03536 0.637396 -2.02904
4.74 2.02889 0.625007 -2.03553
4.745 2.02253 0.612617 -2.04187
4.75 2.01627 0.600228 -2.04806
4.755 2.01013 0.587839 -2.05411
4.76 2.00409 0.575452 -2.06002
4.765 1.99816 0.563067 -2.06579
4.77 1.99235 0.550684 -2.07141
4.775 1.98664 0.538303 -2.0769
4.78 1.98105 0.525924 -2.08225
4.785 1.97558 0.513549 -2.08746
4.79 1.97022 0.501178 -2.09253
4.795 1.96498 0.488809 -2.09747
4.8 1.95985 0.476445 -2.10227
4.805 1.95484 0.464084 -2.10694
4.81 1.94995 0.451728 -2.11147
4.815 1.94518 0.439376 -2.11588
4.82 1.94053 0.427029 -2.12015
4.825 1.93601 0.414686 -2.1243
4.83 1.9316 0.402349 -2.12831
4.835 1.92732 0.390015 -2.1322
4.84 1.92316 0.377687 -2.13595
4.845 1.91913 0.365364 -2.13959
4.85 1.91522 0.353045 -2.14309
4.855 1.91144 0.340732 -2.14647
4.86 1.90778 0.328423 -2.14973
4.865 1.90425 0.31612 -2.15286
4.87 1.90085 0.303821 -2.15587
4.875 1.89757 0.291527 -2.15876
4.88 1.89443 0.279238 -2.16153
4.885 1.89141 0.266953 -2.16417
4.89 1.88852 0.254673 -2.16669
4.895 1.88576 0.242398 -2.1691
4.9 1.88313 0.230126 -2.17138
4.905 1.88063 0.217859 -2.17355
4.91 1.87827 0.205596 -2.1756
4.915 1.87603 0.193337 -2.17753
4.92 1.87392 0.181082 -2.17934
4.925 1.87195 0.16883 -2.18104
4.93 1.87011 0.156582 -2.18262
4.935 1.8684 0.144337 -2.18409
4.94 1.86683 0.132094 -2.18543
4.945 1.86538 0.119855 -2.18667
4.95 1.86407 0.107618 -2.18778
4.955 1.86289 0.0953834 -2.18879
4.96 1.86185 0.083151 -2.18968
4.965 1.86094 0.0709205 -2.19045
4.97 1.86016 0.0586916 -2.19111
4.975 1.85952 0.0464641 -2.19166
4.98 1.85901 0.0342378 -2.19209
4.985 1.85864 0.0220125 -2.19241
4.99 1.85839 0.00978782 -2.19261
4.995 1.85829 -0.00243639 -2.1927
5 1.85831 -0.0146604 -2.19268
5.005 1.85847 -0.0268845 -2.19254
5.01 1.85877 -0.0391088 -2.19229
5.015 1.8592 -0.0513337 -2.19193
5.02 1.85976 -0.0635594 -2.19145
5.025 1.86046 -0.0757861 -2.19086
5.03 1.86129 -0.0880142 -2.19016
5.035 1.86225 -0.100244 -2.18934
5.04 1.86335 -0.112475 -2.1884
5.045 1.86458 -0.124708 -2.18736
5.05 1.86594 -0.136944 -2.18619
5.055 1.86744 -0.149182 -2.18492
5.06 1.86907 -0.161422 -2.18352
5.065 1.87083 -0.173666 -2.18201
5.07 1.87273 -0.185912 -2.18039
5.075 1.87475 -0.198162 -2.17865
5.08 1.87691 -0.210415 -2.17679
5.085 1.8792 -0.222672 -2.17482
5.09 1.88162 -0.234933 -2.17272
5.095 1.88418 -0.247198 -2.17051
5.1 1.88686 -0.259467 -2.16819
5.105 1.88967 -0.27174 -2.16574
5.11 1.89261 -0.284018 -2.16317
5.115 1.89569 -0.2963 -2.16048
5.12 1.89889 -0.308586 -2.15767
5.125 1.90222 -0.320878 -2.15474
5.13 1.90567 -0.333174 -2.15169
5.135 1.90926 -0.345476 -2.14852
5.14 1.91297 -0.357782 -2.14522
5.145 1.91681 -0.370093 -2.1418
5.15 1.92077 -0.382409 -2.13825
5.155 1.92486 -0.394731 -2.13458
5.16 1.92907 -0.407057 -2.13078
5.165 1.93341 -0.419388 -2.12685
5.17 1.93787 -0.431724 -2.1228
5.175 1.94245 -0.444065 -2.11862
5.18 1.94715 -0.456411 -2.1143
5.185 1.95198 -0.468762 -2.10986
5.19 1.95692 -0.481117 -2.10528
5.195 1.96199 -0.493477 -2.10058
5.2 1.96717 -0.505841 -2.09574
5.205 1.97247 -0.518209 -2.09076
5.21 1.97789 -0.530581 -2.08565
5.215 1.98342 -0.542956 -2.0804
5.22 1.98907 -0.555335 -2.07502
5.225 1.99483 -0.567717 -2.06949
5.23 2.00071 -0.580102 -2.06383
5.235 2.00669 -0.592489 -2.05803
5.24 2.01279 -0.604879 -2.05208
5.245 2.019 -0.61727 -2.046
5.25 2.02531 -0.629663 -2.03977
5.255 2.03173 -0.642056 -2.03339
5.26 2.03826 -0.65445 -2.02687
5.265 2.04489 -0.666844 -2.0202
5.27 2.05163 -0.679237 -2.01338
5.275 2.05847 -0.691629 -2.00641
5.28 2.0654 -0.70402 -1.99929
5.285 2.07244 -0.716408 -1.99202
5.29 2.07958 -0.728793 -1.9846
5.295 2.08681 -0.741174 -1.97702
5.3 2.09414 -0.753551 -1.96929
5.305 2.10156 -0.765923 -1.9614
5.31 2.10907 -0.778289 -1.95335
5.315 2.11667 -0.790648 -1.94514
5.32 2.12436 -0.803 -1.93677
5.325 2.13213 -0.815343 -1.92824
5.33 2.13999 -0.827677 -1.91955
5.335 2.14794 -0.84 -1.9107
5.34 2.15596 -0.852313 -1.90168
5.345 2.16407 -0.864612 -1.89249
5.35 2.17225 -0.876899 -1.88313
5.355 2.18051 -0.889171 -1.87361
5.36 2.18884 -0.901427 -1.86391
5.365 2.19724 -0.913666 -1.85405
5.37 2.20571 -0.925888 -1.84401
5.375 2.21424 -0.93809 -1.8338
5.38 2.22284 -0.950271 -1.82341
5.385 2.23151 -0.962431 -1.81285
5.39 2.24023 -0.974567 -1.80211
5.395 2.24901 -0.986678 -1.7912
5.4 2.25785 -0.998764 -1.7801
5.405 2.26674 -1.01082 -1.76883
5.41 2.27568 -1.02285 -1.75737
5.415 2.28467 -1.03485 -1.74573
5.42 2.2937 -1.04681 -1.73391
5.425 2.30277 -1.05874 -1.72191
5.43 2.31189 -1.07064 -1.70972
5.435 2.32104 -1.0825 -1.69734
5.44 2.33023 -1.09432 -1.68478
5.445 2.33945 -1.10609 -1.67203
5.45 2.34869 -1.11783 -1.65909
5.455 2.35797 -1.12952 -1.64596
5.46 2.36726 -1.14116 -1.63264
5.465 2.37658 -1.15276 -1.61914
5.47 2.38591 -1.1643 -1.60544
5.475 2.39526 -1.17579 -1.59155
5.48 2.40461 -1.18723 -1.57747
5.485 2.41398 -1.19861 -1.56319
5.49 2.42335 -1.20993 -1.54873
5.495 2.43272 -1.22119 -1.53407
5.5 2.44208 -1.23238 -1.51921
5.505 2.45144 -1.24351 -1.50416
5.51 2.4608 -1.25458 -1.48892
5.515 2.47014 -1.26557 -1.47349
5.52 2.47946 -1.27649 -1.45786
5.525 2.48876 -1.28733 -1.44203
5.53 2.49805 -1.2981 -1.42601
5.535 2.5073 -1.30878 -1.4098
5.54 2.51653 -1.31939 -1.39339
5.545 2.52572 -1.32991 -1.37679
5.55 2.53487 -1.34034 -1.35999
5.555 2.54399 -1.35068 -1.34301
5.56 2.55306 -1.36093 -1.32582
5.565 2.56208 -1.37109 -1.30845
5.57 2.57105 -1.38114 -1.29089
5.575 2.57997 -1.3911 -1.27313
5.58 2.58882 -1.40096 -1.25519
5.585 2.59761 -1.4107 -1.23705
5.59 2.60634 -1.42034 -1.21873
5.595 2.61499 -1.42987 -1.20022
5.6 2.62357 -1.43929 -1.18153
5.605 2.63208 -1.44859 -1.16265
5.61 2.6405 -1.45777 -1.14358
5.615 2.64883 -1.46683 -1.12434
5.62 2.65708 -1.47576 -1.10491
5.625 2.66523 -1.48457 -1.0853
5.63 2.67329 -1.49325 -1.06552
5.635 2.68124 -1.50179 -1.04556
5.64 2.6891 -1.5102 -1.02543
5.645 2.69684 -1.51848 -1.00512
5.65 2.70447 -1.52661 -0.984646
5.655 2.71199 -1.5346 -0.964003
5.66 2.71938 -1.54244 -0.943194
5.665 2.72666 -1.55013 -0.922221
5.67 2.7338 -1.55768 -0.901088
5.675 2.74082 -1.56507 -0.879796
5.68 2.74771 -1.5723 -0.858348
5.685 2.75445 -1.57938 -0.836747
5.69 2.76106 -1.58629 -0.814995
5.695 2.76753 -1.59304 -0.793096
5.7 2.77384 -1.59963 -0.771052
5.705 2.78001 -1.60604 -0.748867
5.71 2.78602 -1.61229 -0.726542
5.715 2.79188 -1.61836 -0.704083
5.72 2.79758 -1.62426 -0.681492
5.725 2.80311 -1.62998 -0.658772
5.73 2.80848 -1.63552 -0.635927
5.735 2.81368 -1.64088 -0.61296
5.74 2.81871 -1.64605 -0.589876
5.745 2.82357 -1.65104 -0.566677
5.75 2.82824 -1.65584 -0.543368
5.755 2.83274 -1.66045 -0.519952
5.76 2.83706 -1.66487 -0.496434
5.765 2.84119 -1.66909 -0.472817
5.77 2.84514 -1.67312 -0.449106
5.775 2.84889 -1.67696 -0.425305
5.78 2.85246 -1.68059 -0.401418
5.785 2.85583 -1.68403 -0.377449
5.79 2.85901 -1.68726 -0.353402
5.795 2.86199 -1.69029 -0.329283
5.8 2.86478 -1.69312 -0.305095
5.805 2.86736 -1.69574 -0.280843
5.81 2.86974 -1.69816 -0.256531
5.815 2.87192 -1.70036 -0.232165
5.82 2.87389 -1.70236 -0.207748
5.825 2.87566 -1.70416 -0.183286
5.83 2.87722 -1.70574 -0.158783
5.835 2.87858 -1.70711 -0.134244
5.84 2.87972 -1.70827 -0.109674
5.845 2.88066 -1.70921 -0.0850776
5.85 2.88139 -1.70995 -0.0604592
5.855 2.8819 -1.71047 -0.0358241
5.86 2.88221 -1.71078 -0.011177
5.865 2.88231 -1.71088 0.0134771
5.87 2.88219 -1.71076 0.0381335
5.875 2.88186 -1.71043 0.0627872
5.88 2.88133 -1.70989 0.0874334
5.885 2.88058 -1.70913 0.112067
5.89 2.87962 -1.70817 0.136684
5.895 2.87845 -1.70698 0.161278
5.9 2.87708 -1.70559 0.185845
5.905 2.87549 -1.70399 0.210381
5.91 2.8737 -1.70217 0.23488
5.915 2.8717 -1.70015 0.259338
5.92 2.8695 -1.69791 0.283749
5.925 2.86709 -1.69547 0.30811
5.93 2.86448 -1.69282 0.332415
5.935 2.86166 -1.68996 0.356661
5.94 2.85865 -1.6869 0.380841
5.945 2.85544 -1.68364 0.404952
5.95 2.85203 -1.68017 0.42899
5.955 2.84842 -1.6765 0.452949
5.96 2.84463 -1.67263 0.476826
5.965 2.84064 -1.66856 0.500616
5.97 2.83646 -1.66429 0.524315
5.975 2.8321 -1.65983 0.547919
5.98 2.82755 -1.65517 0.571423
5.985 2.82282 -1.65033 0.594823
5.99 2.81791 -1.64529 0.618116
5.995 2.81283 -1.64006 0.641297
6 2.80757 -1.63465 0.664364
6.005 2.80214 -1.62906 0.687311
6.01 2.79654 -1.62328 0.710135
6.015 2.79078 -1.61732 0.732833
6.02 2.78485 -1.61119 0.755401
6.025 2.77877 -1.60487 0.777835
6.03 2.77253 -1.59839 0.800133
6.035 2.76613 -1.59174 0.822291
6.04 2.75959 -1.58491 0.844306
6.045 2.7529 -1.57792 0.866174
6.05 2.74606 -1.57077 0.887893
6.055 2.73909 -1.56345 0.909461
6.06 2.73198 -1.55598 0.930873
6.065 2.72474 -1.54835 0.952127
6.07 2.71737 -1.54057 0.973222
6.075 2.70987 -1.53263 0.994153
6.08 2.70225 -1.52455 1.01492
6.085 2.69451 -1.51632 1.03552
6.09 2.68666 -1.50795 1.05595
6.095 2.6787 -1.49944 1.0762
6.1 2.67063 -1.49079 1.09629
6.105 2.66246 -1.48201 1.11619
6.11 2.65419 -1.4731 1.13592
6.115 2.64582 -1.46405 1.15547
6.12 2.63737 -1.45488 1.17484
6.125 2.62882 -1.44558 1.19402
6.13 2.62019 -1.43617 1.21303
6.135 2.61148 -1.42663 1.23184
6.14 2.60269 -1.41698 1.25047
6.145 2.59383 -1.40722 1.26891
6.15 2.5849 -1.39734 1.28716
6.155 2.57591 -1.38736 1.30522
6.16 2.56686 -1.37728 1.32309
6.165 2.55775 -1.36709 1.34076
6.17 2.54858 -1.3568 1.35825
6.175 2.53937 -1.34641 1.37554
6.18 2.53011 -1.33594 1.39263
6.185 2.5208 -1.32537 1.40953
6.19 2.51146 -1.31471 1.42624
6.195 2.50209 -1.30396 1.44275
6.2 2.49268 -1.29313 1.45906
6.205 2.48325 -1.28222 1.47518
6.21 2.47379 -1.27123 1.4911
6.215 2.46431 -1.26016 1.50682
6.22 2.45482 -1.24902 1.52235
6.225 2.44531 -1.23781 1.53768
6.23 2.43579 -1.22653 1.55281
6.235 2.42627 -1.21519 1.56775
6.24 2.41675 -1.20377 1.58249
6.245 2.40722 -1.1923 1.59704
6.25 2.3977 -1.18077 1.61139
6.255 2.38819 -1.16918 1.62554
6.26 2.37868 -1.15753 1.63951
6.265 2.3692 -1.14583 1.65327
6.27 2.35972 -1.13408 1.66685
6.275 2.35027 -1.12228 1.68023
6.28 2.34084 -1.11043 1.69342
6.285 2.33144 -1.09854 1.70641
6.29 2.32207 -1.08661 1.71922
6.295 2.31273 -1.07463 1.73183
6.3 2.30342 -1.06261 1.74426
6.305 2.29416 -1.05056 1.7565
6.31 2.28493 -1.03847 1.76855
6.315 2.27575 -1.02635 1.78041
6.32 2.26661 -1.01419 1.79209
6.325 2.25752 -1.00201 1.80359
6.33 2.24849 -0.989792 1.8149
6.335 2.2395 -0.977549 1.82602
6.34 2.23058 -0.965281 1.83697
6.345 2.22171 -0.952989 1.84774
6.35 2.21291 -0.940673 1.85832
6.355 2.20417 -0.928336 1.86873
6.36 2.19549 -0.915979 1.87896
6.365 2.18689 -0.903604 1.88902
6.37 2.17835 -0.89121 1.8989
6.375 2.16989 -0.878801 1.9086
6.38 2.16151 -0.866377 1.91814
6.385 2.1532 -0.853938 1.9275
6.39 2.14497 -0.841487 1.9367
6.395 2.13682 -0.829025 1.94572
6.4 2.12875 -0.816552 1.95458
6.405 2.12077 -0.80407 1.96327
6.41 2.11288 -0.791579 1.97179
6.415 2.10508 -0.77908 1.98016
6.42 2.09736 -0.766575 1.98836
6.425 2.08974 -0.754064 1.9964
6.43 2.08221 -0.741548 2.00428
6.435 2.07478 -0.729028 2.012
6.44 2.06745 -0.716505 2.01956
6.445 2.06021 -0.703979 2.02697
6.45 2.05308 -0.691451 2.03422
6.455 2.04605 -0.678922 2.04131
6.46 2.03912 -0.666392 2.04826
6.465 2.03229 -0.653862 2.05505
6.47 2.02557 -0.641333 2.0617
6.475 2.01896 -0.628804 2.06819
6.48 2.01246 -0.616277 2.07454
6.485 2.00607 -0.603753 2.08074
6.49 1.99979 -0.59123 2.0868
6.495 1.99362 -0.578711 2.09271
6.5 1.98756 -0.566195 2.09848
6.505 1.98162 -0.553682 2.10411
6.51 1.9758 -0.541173 2.10959
6.515 1.97009 -0.528669 2.11494
6.52 1.9645 -0.516169 2.12015
6.525 1.95903 -0.503674 2.12522
6.53 1.95367 -0.491184 2.13015
6.535 1.94844 -0.478699 2.13495
6.54 1.94333 -0.46622 2.13961
6.545 1.93834 -0.453746 2.14414
6.55 1.93348 -0.441278 2.14854
6.555 1.92874 -0.428815 2.1528
6.56 1.92412 -0.416358 2.15694
6.565 1.91963 -0.403908 2.16095
6.57 1.91527 -0.391463 2.16482
6.575 1.91103 -0.379025 2.16857
6.58 1.90692 -0.366592 2.17219
6.585 1.90294 -0.354165 2.17569
6.59 1.89909 -0.341745 2.17906
6.595 1.89536 -0.32933 2.1823
6.6 1.89177 -0.316921 2.18542
6.605 1.88831 -0.304518 2.18842
6.61 1.88498 -0.292121 2.1913
6.615 1.88178 -0.279729 2.19405
6.62 1.87871 -0.267343 2.19668
6.625 1.87577 -0.254962 2.19919
6.63 1.87297 -0.242587 2.20158
6.635 1.8703 -0.230216 2.20386
6.64 1.86776 -0.217851 2.20601
6.645 1.86536 -0.20549 2.20804
6.65 1.86309 -0.193134 2.20996
6.655 1.86095 -0.180782 2.21176
6.66 1.85895 -0.168434 2.21344
6.665 1.85709 -0.15609 2.21501
6.67 1.85536 -0.143749 2.21646
6.675 1.85377 -0.131412 2.21779
6.68 1.85231 -0.119078 2.21901
6.685 1.85099 -0.106747 2.22011
6.69 1.84981 -0.0944193 2.2211
6.695 1.84876 -0.0820935 2.22197
6.7 1.84784 -0.0697698 2.22273
6.705 1.84707 -0.057448 2.22338
6.71 1.84643 -0.0451278 2.22391
6.715 1.84593 -0.032809 2.22432
6.72 1.84556 -0.0204911 2.22463
6.725 1.84534 -0.00817407 2.22481
6.73 1.84525 0.00414252 2.22489
6.735 1.84529 0.0164589 2.22485
6.74 1.84547 0.0287754 2.2247
6.745 1.84579 0.0410923 2.22443
6.75 1.84625 0.0534098 2.22406
6.755 1.84685 0.0657283 2.22356
6.76 1.84758 0.0780481 2.22296
6.765 1.84844 0.0903693 2.22223
6.77 1.84945 0.102692 2.2214
6.775 1.85059 0.115017 2.22045
6.78 1.85187 0.127345 2.21939
6.785 1.85328 0.139675 2.21821
6.79 1.85483 0.152008 2.21691
6.795 1.85651 0.164344 2.2155
6.8 1.85833 0.176683 2.21398
6.805 1.86029 0.189026 2.21233
6.81 1.86238 0.201373 2.21058
6.815 1.86461 0.213723 2.2087
6.82 1.86697 0.226079 2.20671
6.825 1.86946 0.238438 2.2046
6.83 1.87209 0.250802 2.20237
6.835 1.87485 0.263171 2.20002
6.84 1.87775 0.275546 2.19755
6.845 1.88077 0.287925 2.19497
6.85 1.88393 0.30031 2.19226
6.855 1.88722 0.3127 2.18943
6.86 1.89065 0.325096 2.18648
6.865 1.8942 0.337497 2.18341
6.87 1.89789 0.349905 2.18021
6.875 1.9017 0.362318 2.17689
6.88 1.90564 0.374737 2.17345
6.885 1.90972 0.387163 2.16988
6.89 1.91392 0.399594 2.16618
6.895 1.91825 0.412032 2.16235
6.9 1.9227 0.424476 2.1584
6.905 1.92728 0.436926 2.15432
6.91 1.93199 0.449382 2.15011
6.915 1.93682 0.461844 2.14577
6.92 1.94177 0.474312 2.1413
6.925 1.94685 0.486785 2.13669
6.93 1.95205 0.499265 2.13195
6.935 1.95737 0.51175 2.12708
6.94 1.96282 0.52424 2.12207
6.945 1.96838 0.536736 2.11693
6.95 1.97406 0.549237 2.11165
6.955 1.97986 0.561742 2.10622
6.96 1.98578 0.574252 2.10066
6.965 1.99181 0.586767 2.09496
6.97 1.99795 0.599285 2.08912
6.975 2.00421 0.611807 2.08313
6.98 2.01059 0.624332 2.077
6.985 2.01707 0.63686 2.07072
6.99 2.02366 0.64939 2.0643
6.995 2.03037 0.661923 2.05773
7 2.03718 0.674457 2.05101
7.005 2.04409 0.686991 2.04414
7.01 2.05111 0.699527 2.03712
7.015 2.05824 0.712062 2.02995
7.02 2.06547 0.724596 2.02262
7.025 2.07279 0.737129 2.01513
7.03 2.08022 0.74966 2.00749
7.035 2.08775 0.762188 1.9997
7.04 2.09537 0.774713 1.99174
7.045 2.10308 0.787233 1.98362
7.05 2.11089 0.799748 1.97535
7.055 2.11879 0.812257 1.96691
7.06 2.12678 0.82476 1.9583
7.065 2.13485 0.837254 1.94953
7.07 2.14301 0.84974 1.94059
7.075 2.15126 0.862216 1.93149
7.08 2.15959 0.874682 1.92221
7.085 2.16799 0.887135 1.91277
7.09 2.17648 0.899576 1.90315
7.095 2.18504 0.912002 1.89336
7.1 2.19367 0.924413 1.8834
7.105 2.20238 0.936808 1.87326
7.11 2.21115 0.949185 1.86294
7.115 2.21999 0.961543 1.85245
7.12 2.2289 0.97388 1.84178
7.125 2.23787 0.986195 1.83092
7.13 2.24689 0.998488 1.81989
7.135 2.25598 1.01075 1.80867
7.14 2.26512 1.023 1.79727
7.145 2.27431 1.03521 1.78568
7.15 2.28356 1.04739 1.77391
7.155 2.29285 1.05954 1.76195
7.16 2.30218 1.07166 1.74981
7.165 2.31156 1.08375 1.73747
7.17 2.32097 1.0958 1.72494
7.175 2.33042 1.10781 1.71223
7.18 2.33991 1.11978 1.69932
7.185 2.34942 1.13171 1.68622
7.19 2.35896 1.14359 1.67292
7.195 2.36853 1.15543 1.65944
7.2 2.37811 1.16722 1.64575
7.205 2.38772 1.17897 1.63187
7.21 2.39734 1.19065 1.6178
7.215 2.40697 1.20229 1.60353
7.22 2.41661 1.21387 1.58906
7.225 2.42625 1.22539 1.57439
7.23 2.4359 1.23685 1.55952
7.235 2.44555 1.24825 1.54446
7.24 2.45518 1.25958 1.5292
7.245 2.46482 1.27084 1.51373
7.25 2.47443 1.28203 1.49807
7.255 2.48404 1.29315 1.48221
7.26 2.49362 1.3042 1.46615
7.265 2.50318 1.31517 1.44989
7.27 2.51272 1.32606 1.43343
7.275 2.52222 1.33686 1.41677
7.28 2.53169 1.34758 1.39991
7.285 2.54112 1.35821 1.38285
7.29 2.55051 1.36876 1.36559
7.295 2.55986 1.3792 1.34814
7.3 2.56916 1.38956 1.33049
7.305 2.5784 1.39981 1.31264
7.31 2.58759 1.40997 1.29459
7.315 2.59671 1.42002 1.27635
7.32 2.60578 1.42996 1.25791
7.325 2.61477 1.43979 1.23928
7.33 2.62369 1.44951 1.22046
7.335 2.63254 1.45912 1.20144
7.34 2.6413 1.46861 1.18224
7.345 2.64998 1.47798 1.16284
7.35 2.65858 1.48722 1.14326
7.355 2.66708 1.49634 1.12349
7.36 2.67548 1.50533 1.10353
7.365 2.68379 1.51419 1.0834
7.37 2.69199 1.52291 1.06308
7.375 2.70009 1.53149 1.04258
7.38 2.70807 1.53994 1.0219
7.385 2.71594 1.54824 1.00105
7.39 2.72369 1.5564 0.980027
7.395 2.73131 1.5644 0.958831
7.4 2.73881 1.57226 0.937467
7.405 2.74618 1.57996 0.915936
7.41 2.75342 1.58751 0.894242
7.415 2.76052 1.5949 0.872387
7.42 2.76747 1.60212 0.850373
7.425 2.77429 1.60918 0.828204
7.43 2.78095 1.61607 0.805882
7.435 2.78746 1.6228 0.783411
7.44 2.79382 1.62935 0.760794
7.445 2.80002 1.63573 0.738033
7.45 2.80605 1.64193 0.715133
7.455 2.81192 1.64795 0.692096
7.46 2.81763 1.65378 0.668927
7.465 2.82316 1.65944 0.645628
7.47 2.82851 1.66491 0.622204
7.475 2.83369 1.67019 0.598658
7.48 2.83869 1.67528 0.574994
7.485 2.84351 1.68017 0.551216
7.49 2.84814 1.68487 0.527328
7.495 2.85258 1.68938 0.503334
7.5 2.85683 1.69369 0.479238
7.505 2.86089 1.69779 0.455046
7.51 2.86476 1.7017 0.430759
7.515 2.86842 1.7054 0.406385
7.52 2.87189 1.7089 0.381926
7.525 2.87515 1.71219 0.357387
7.53 2.87821 1.71527 0.332773
7.535 2.88106 1.71815 0.308088
7.54 2.88371 1.72081 0.283338
7.545 2.88615 1.72326 0.258526
7.55 2.88837 1.7255 0.233658
7.555 2.89039 1.72752 0.208739
7.56 2.89219 1.72933 0.183773
7.565 2.89378 1.73093 0.158765
7.57 2.89516 1.73231 0.13372
7.575 2.89631 1.73347 0.108644
7.58 2.89726 1.73441 0.0835406
7.585 2.89798 1.73514 0.0584155
7.59 2.89849 1.73565 0.0332735
7.595 2.89878 1.73593 0.00811976
7.6 2.89885 1.736 -0.0170407
7.605 2.8987 1.73586 -0.0422027
7.61 2.89833 1.73549 -0.0673614
7.615 2.89775 1.7349 -0.0925115
7.62 2.89695 1.7341 -0.117648
7.625 2.89593 1.73308 -0.142766
7.63 2.89469 1.73184 -0.16786
7.635 2.89323 1.73038 -0.192926
7.64 2.89157 1.7287 -0.217958
7.645 2.88968 1.72681 -0.242951
7.65 2.88758 1.72471 -0.267901
7.655 2.88527 1.72239 -0.292802
7.66 2.88275 1.71985 -0.31765
7.665 2.88002 1.71711 -0.34244
7.67 2.87708 1.71415 -0.367166
7.675 2.87393 1.71098 -0.391825
7.68 2.87058 1.7076 -0.416411
7.685 2.86703 1.70401 -0.44092
7.69 2.86327 1.70022 -0.465347
7.695 2.85931 1.69622 -0.489688
7.7 2.85516 1.69202 -0.513938
7.705 2.85081 1.68762 -0.538093
7.71 2.84627 1.68302 -0.562149
7.715 2.84154 1.67822 -0.5861
7.72 2.83662 1.67322 -0.609944
7.725 2.83152 1.66803 -0.633676
7.73 2.82624 1.66265 -0.657291
7.735 2.82077 1.65708 -0.680786
7.74 2.81513 1.65132 -0.704157
7.745 2.80932 1.64537 -0.727401
7.75 2.80333 1.63924 -0.750512
7.755 2.79718 1.63293 -0.773489
7.76 2.79087 1.62644 -0.796327
7.765 2.78439 1.61977 -0.819023
7.77 2.77776 1.61293 -0.841573
7.775 2.77097 1.60591 -0.863975
7.78 2.76403 1.59873 -0.886225
7.785 2.75695 1.59138 -0.908319
7.79 2.74972 1.58387 -0.930256
7.795 2.74235 1.5762 -0.952032
7.8 2.73485 1.56836 -0.973645
7.805 2.72722 1.56038 -0.995091
7.81 2.71945 1.55223 -1.01637
7.815 2.71156 1.54394 -1.03747
7.82 2.70356 1.5355 -1.05841
7.825 2.69543 1.52692 -1.07916
7.83 2.68719 1.51819 -1.09974
7.835 2.67884 1.50933 -1.12014
7.84 2.67039 1.50032 -1.14036
7.845 2.66183 1.49119 -1.16039
7.85 2.65318 1.48192 -1.18024
7.855 2.64444 1.47253 -1.19989
7.86 2.6356 1.46301 -1.21936
7.865 2.62668 1.45337 -1.23864
7.87 2.61768 1.44361 -1.25773
7.875 2.6086 1.43373 -1.27663
7.88 2.59945 1.42374 -1.29533
7.885 2.59023 1.41364 -1.31383
7.89 2.58095 1.40343 -1.33214
7.895 2.5716 1.39311 -1.35025
7.9 2.56219 1.3827 -1.36816
7.905 2.55273 1.37218 -1.38588
7.91 2.54323 1.36157 -1.40339
7.915 2.53367 1.35086 -1.4207
7.92 2.52408 1.34006 -1.43782
7.925 2.51444 1.32917 -1.45473
7.93 2.50477 1.3182 -1.47144
7.935 2.49508 1.30714 -1.48795
7.94 2.48535 1.29601 -1.50426
7.945 2.4756 1.28479 -1.52036
7.95 2.46584 1.2735 -1.53626
7.955 2.45605 1.26213 -1.55197
7.96 2.44626 1.2507 -1.56747
7.965 2.43646 1.2392 -1.58276
7.97 2.42665 1.22763 -1.59786
7.975 2.41684 1.21599 -1.61275
7.98 2.40704 1.2043 -1.62745
7.985 2.39724 1.19255 -1.64194
7.99 2.38745 1.18074 -1.65624
7.995 2.37767 1.16888 -1.67033
8 2.36791 1.15696 -1.68423
8.005 2.35816 1.145 -1.69793
8.01 2.34844 1.13299 -1.71143
8.015 2.33875 1.12093 -1.72473
8.02 2.32908 1.10883 -1.73784
8.025 2.31945 1.09669 -1.75075
8.03 2.30985 1.0845 -1.76347
8.035 2.30028 1.07228 -1.77599
8.04 2.29076 1.06003 -1.78833
8.045 2.28128 1.04774 -1.80047
8.05 2.27185 1.03542 -1.81242
8.055 2.26247 1.02306 -1.82418
8.06 2.25314 1.01068 -1.83575
8.065 2.24386 0.998273 -1.84714
8.07 2.23464 0.985839 -1.85834
8.075 2.22548 0.973381 -1.86935
8.08 2.21638 0.9609 -1.88019
8.085 2.20735 0.948398 -1.89083
8.09 2.19838 0.935877 -1.9013
8.095 2.18949 0.923338 -1.91159
8.1 2.18066 0.910782 -1.9217
8.105 2.17191 0.89821 -1.93163
8.11 2.16324 0.885624 -1.94138
8.115 2.15464 0.873025 -1.95096
8.12 2.14612 0.860414 -1.96037
8.125 2.13769 0.847793 -1.9696
8.13 2.12934 0.835161 -1.97866
8.135 2.12108 0.822522 -1.98755
8.14 2.1129 0.809874 -1.99628
8.145 2.10482 0.797221 -2.00483
8.15 2.09683 0.784561 -2.01322
8.155 2.08893 0.771897 -2.02145
8.16 2.08113 0.759229 -2.02951
8.165 2.07342 0.746558 -2.03741
8.17 2.06582 0.733885 -2.04515
8.175 2.05831 0.72121 -2.05273
8.18 2.05091 0.708535 -2.06015
8.185 2.04361 0.695859 -2.06742
8.19 2.03642 0.683184 -2.07453
8.195 2.02933 0.67051 -2.08148
8.2 2.02236 0.657838 -2.08829
8.205 2.01549 0.645168 -2.09494
8.21 2.00873 0.632501 -2.10144
8.215 2.00208 0.619838 -2.10779
8.22 1.99555 0.607178 -2.114
8.225 1.98913 0.594522 -2.12006
8.23 1.98283 0.581871 -2.12597
8.235 1.97665 0.569224 -2.13174
8.24 1.97058 0.556583 -2.13736
8.245 1.96463 0.543948 -2.14285
8.25 1.9588 0.531318 -2.14819
8.255 1.9531 0.518694 -2.1534
8.26 1.94751 0.506077 -2.15846
8.265 1.94205 0.493466 -2.16339
8.27 1.93671 0.480862 -2.16818
8.275 1.9315 0.468265 -2.17284
8.28 1.92641 0.455674 -2.17736
8.285 1.92145 0.443091 -2.18175
8.29 1.91662 0.430514 -2.186
8.295 1.91191 0.417945 -2.19013
8.3 1.90733 0.405383 -2.19413
8.305 1.90289 0.392828 -2.19799
8.31 1.89857 0.380281 -2.20173
8.315 1.89438 0.36774 -2.20534
8.32 1.89033 0.355207 -2.20882
8.325 1.88641 0.342681 -2.21218
8.33 1.88262 0.330161 -2.21541
8.335 1.87896 0.317649 -2.21852
8.34 1.87543 0.305144 -2.2215
8.345 1.87205 0.292645 -2.22437
8.35 1.86879 0.280152 -2.2271
8.355 1.86567 0.267666 -2.22972
8.36 1.86269 0.255187 -2.23222
8.365 1.85984 0.242713 -2.2346
8.37 1.85713 0.230245 -2.23685
8.375 1.85455 0.217783 -2.23899
8.38 1.85211 0.205326 -2.24101
8.385 1.84981 0.192874 -2.24291
8.39 1.84765 0.180427 -2.2447
8.395 1.84563 0.167985 -2.24636
8.4 1.84374 0.155547 -2.24791
8.405 1.84199 0.143113 -2.24935
8.41 1.84038 0.130683 -2.25066
8.415 1.83891 0.118257 -2.25187
8.42 1.83758 0.105834 -2.25295
8.425 1.83639 0.0934142 -2.25393
8.43 1.83533 0.0809969 -2.25478
8.435 1.83442 0.0685821 -2.25553
8.44 1.83365 0.0561693 -2.25616
8.445 1.83301 0.0437583 -2.25667
8.45 1.83252 0.0313488 -2.25707
8.455 1.83217 0.0189404 -2.25736
8.46 1.83195 0.00653284 -2.25753
8.465 1.83188 -0.00587424 -2.25759
8.47 1.83194 -0.0182812 -2.25754
8.475 1.83215 -0.0306882 -2.25737
8.48 1.8325 -0.0430958 -2.25709
8.485 1.83298 -0.0555041 -2.2567
8.49 1.83361 -0.0679136 -2.25619
8.495 1.83438 -0.0803245 -2.25557
8.5 1.83528 -0.0927371 -2.25483
8.505 1.83633 -0.105152 -2.25398
8.51 1.83751 -0.117569 -2.25301
8.515 1.83884 -0.129989 -2.25193
8.52 1.8403 -0.142412 -2.25074
8.525 1.8419 -0.154838 -2.24943
8.53 1.84364 -0.167267 -2.248
8.535 1.84552 -0.179701 -2.24646
8.54 1.84754 -0.192139 -2.2448
8.545 1.8497 -0.204581 -2.24303
8.55 1.85199 -0.217027 -2.24113
8.555 1.85443 -0.229479 -2.23912
8.56 1.857 -0.241936 -2.237
8.565 1.8597 -0.254398 -2.23475
8.57 1.86254 -0.266866 -2.23238
8.575 1.86552 -0.27934 -2.2299
8.58 1.86864 -0.29182 -2.22729
8.585 1.87189 -0.304306 -2.22457
8.59 1.87527 -0.316798 -2.22172
8.595 1.87879 -0.329297 -2.21875
8.6 1.88244 -0.341803 -2.21565
8.605 1.88623 -0.354315 -2.21244
8.61 1.89015 -0.366835 -2.2091
8.615 1.8942 -0.379361 -2.20563
8.62 1.89839 -0.391895 -2.20204
8.625 1.9027 -0.404436 -2.19832
8.63 1.90715 -0.416984 -2.19447
8.635 1.91172 -0.42954 -2.19049
8.64 1.91643 -0.442103 -2.18639
8.645 1.92126 -0.454673 -2.18215
8.65 1.92622 -0.46725 -2.17778
8.655 1.93131 -0.479835 -2.17328
8.66 1.93652 -0.492427 -2.16865
8.665 1.94186 -0.505026 -2.16388
8.67 1.94733 -0.517631 -2.15898
8.675 1.95291 -0.530244 -2.15394
8.68 1.95862 -0.542864 -2.14876
8.685 1.96446 -0.555489 -2.14344
8.69 1.97041 -0.568121 -2.13799
8.695 1.97648 -0.58076 -2.13239
8.7 1.98267 -0.593403 -2.12665
8.705 1.98898 -0.606053 -2.12077
8.71 1.99541 -0.618707 -2.11474
8.715 2.00195 -0.631367 -2.10857
8.72 2.00861 -0.64403 -2.10225
8.725 2.01538 -0.656698 -2.09578
8.73 2.02226 -0.66937 -2.08916
8.735 2.02925 -0.682044 -2.08239
8.74 2.03635 -0.694721 -2.07547
8.745 2.04356 -0.7074 -2.0684
8.75 2.05088 -0.720081 -2.06117
8.755 2.0583 -0.732763 -2.05379
8.76 2.06582 -0.745445 -2.04625
8.765 2.07345 -0.758126 -2.03855
8.77 2.08118 -0.770807 -2.03069
8.775 2.08901 -0.783485 -2.02267
8.78 2.09693 -0.796162 -2.01448
8.785 2.10495 -0.808834 -2.00614
8.79 2.11306 -0.821503 -1.99762
8.795 2.12127 -0.834166 -1.98894
8.8 2.12956 -0.846823 -1.9801
8.805 2.13795 -0.859473 -1.97108
8.81 2.14642 -0.872116 -1.96189
8.815 2.15497 -0.884749 -1.95253
8.82 2.16361 -0.897372 -1.943
8.825 2.17233 -0.909983 -1.93329
8.83 2.18112 -0.922583 -1.92341
8.835 2.19 -0.935168 -1.91335
8.84 2.19894 -0.947739 -1.90311
8.845 2.20796 -0.960293 -1.89269
8.85 2.21705 -0.97283 -1.88208
8.855 2.2262 -0.985348 -1.8713
8.86 2.23542 -0.997846 -1.86033
8.865 2.2447 -1.01032 -1.84918
8.87 2.25405 -1.02277 -1.83784
8.875 2.26344 -1.0352 -1.82631
8.88 2.2729 -1.0476 -1.8146
8.885 2.2824 -1.05998 -1.80269
8.89 2.29196 -1.07232 -1.7906
8.895 2.30156 -1.08463 -1.77831
8.9 2.3112 -1.09691 -1.76583
8.905 2.32089 -1.10915 -1.75315
8.91 2.33061 -1.12136 -1.74028
8.915 2.34037 -1.13353 -1.72721
8.92 2.35015 -1.14566 -1.71395
8.925 2.35997 -1.15774 -1.70048
8.93 2.36982 -1.16978 -1.68682
8.935 2.37968 -1.18177 -1.67296
8.94 2.38957 -1.19371 -1.6589
8.945 2.39947 -1.20561 -1.64464
8.95 2.40938 -1.21745 -1.63018
8.955 2.41931 -1.22923 -1.61551
8.96 2.42923 -1.24095 -1.60064
8.965 2.43917 -1.25262 -1.58557
8.97 2.4491 -1.26422 -1.57029
8.975 2.45902 -1.27576 -1.55481
8.98 2.46894 -1.28723 -1.53912
8.985 2.47885 -1.29863 -1.52323
8.99 2.48874 -1.30996 -1.50714
8.995 2.49861 -1.32121 -1.49084
9 2.50846 -1.33238 -1.47433
9.005 2.51828 -1.34348 -1.45762
9.01 2.52807 -1.35449 -1.4407
9.015 2.53783 -1.36542 -1.42358
9.02 2.54755 -1.37626 -1.40626
9.025 2.55722 -1.387 -1.38873
9.03 2.56685 -1.39766 -1.37099
9.035 2.57644 -1.40821 -1.35305
9.04 2.58596 -1.41867 -1.33491
9.045 2.59543 -1.42903 -1.31657
9.05 2.60484 -1.43928 -1.29802
9.055 2.61418 -1.44942 -1.27928
9.06 2.62345 -1.45946 -1.26033
9.065 2.63265 -1.46938 -1.24119
9.07 2.64177 -1.47918 -1.22185
9.075 2.6508 -1.48886 -1.20231
9.08 2.65975 -1.49842 -1.18258
9.085 2.66861 -1.50786 -1.16265
9.09 2.67738 -1.51717 -1.14253
9.095 2.68605 -1.52634 -1.12222
9.1 2.69461 -1.53539 -1.10172
9.105 2.70307 -1.54429 -1.08103
9.11 2.71142 -1.55306 -1.06016
9.115 2.71965 -1.56168 -1.03911
9.12 2.72776 -1.57016 -1.01787
9.125 2.73575 -1.57849 -0.996456
9.13 2.74362 -1.58667 -0.974865
9.135 2.75135 -1.59469 -0.953099
9.14 2.75895 -1.60256 -0.931161
9.145 2.76641 -1.61027 -0.909054
9.15 2.77373 -1.61781 -0.886781
9.155 2.7809 -1.62519 -0.864344
9.16 2.78793 -1.6324 -0.841746
9.165 2.7948 -1.63944 -0.818991
9.17 2.80151 -1.64631 -0.796082
9.175 2.80806 -1.653 -0.773021
9.18 2.81445 -1.65951 -0.749812
9.185 2.82068 -1.66584 -0.726459
9.19 2.82673 -1.67199 -0.702965
9.195 2.8326 -1.67795 -0.679334
9.2 2.8383 -1.68372 -0.655569
9.205 2.84382 -1.68931 -0.631674
9.21 2.84916 -1.69469 -0.607654
9.215 2.85431 -1.69989 -0.583512
9.22 2.85927 -1.70489 -0.559252
9.225 2.86403 -1.70968 -0.534878
9.23 2.8686 -1.71428 -0.510395
9.235 2.87298 -1.71867 -0.485807
9.24 2.87715 -1.72286 -0.461119
9.245 2.88113 -1.72684 -0.436334
9.25 2.88489 -1.73061 -0.411458
9.255 2.88845 -1.73417 -0.386495
9.26 2.89181 -1.73752 -0.361449
9.265 2.89495 -1.74065 -0.336327
9.27 2.89787 -1.74358 -0.311131
9.275 2.90059 -1.74628 -0.285868
9.28 2.90308 -1.74877 -0.260542
9.285 2.90536 -1.75104 -0.235158
9.29 2.90742 -1.75309 -0.209721
9.295 2.90926 -1.75492 -0.184236
9.3 2.91087 -1.75652 -0.158708
9.305 2.91227 -1.75791 -0.133143
9.31 2.91344 -1.75907 -0.107546
9.315 2.91438 -1.76001 -0.081921
9.32 2.9151 -1.76073 -0.0562742
9.325 2.9156 -1.76122 -0.0306106
9.33 2.91587 -1.76149 -0.00493555
9.335 2.91591 -1.76153 0.0207458
9.34 2.91573 -1.76135 0.0464282
9.345 2.91532 -1.76095 0.0721063
9.35 2.91469 -1.76031 0.0977749
9.355 2.91383 -1.75946 0.123429
9.36 2.91274 -1.75838 0.149063
9.365 2.91143 -1.75708 0.174671
9.37 2.90989 -1.75555 0.200249
9.375 2.90814 -1.7538 0.225791
9.38 2.90616 -1.75183 0.251293
9.385 2.90396 -1.74964 0.276748
9.39 2.90153 -1.74723 0.302153
9.395 2.89889 -1.7446 0.327501
9.4 2.89604 -1.74175 0.352788
9.405 2.89297 -1.73869 0.378009
9.41 2.88968 -1.73541 0.403159
9.415 2.88618 -1.73191 0.428233
9.42 2.88247 -1.72821 0.453226
9.425 2.87856 -1.72429 0.478134
9.43 2.87443 -1.72016 0.502951
9.435 2.87011 -1.71582 0.527673
9.44 2.86558 -1.71128 0.552296
9.445 2.86086 -1.70653 0.576815
9.45 2.85593 -1.70158 0.601226
9.455 2.85082 -1.69643 0.625524
9.46 2.84551 -1.69108 0.649705
9.465 2.84002 -1.68553 0.673765
9.47 2.83434 -1.67979 0.697699
9.475 2.82848 -1.67386 0.721505
9.48 2.82244 -1.66774 0.745177
9.485 2.81623 -1.66143 0.768713
9.49 2.80984 -1.65493 0.792108
9.495 2.80329 -1.64825 0.815358
9.5 2.79657 -1.6414 0.838461
9.505 2.78969 -1.63436 0.861412
9.51 2.78265 -1.62715 0.884209
9.515 2.77546 -1.61977 0.906848
9.52 2.76811 -1.61222 0.929326
9.525 2.76062 -1.6045 0.95164
9.53 2.75298 -1.59662 0.973787
9.535 2.74521 -1.58858 0.995765
9.54 2.7373 -1.58038 1.01757
9.545 2.72926 -1.57202 1.0392
9.55 2.72109 -1.56351 1.06065
9.555 2.7128 -1.55486 1.08192
9.56 2.70439 -1.54605 1.10301
9.565 2.69586 -1.5371 1.12392
9.57 2.68723 -1.52801 1.14464
9.575 2.67848 -1.51878 1.16517
9.58 2.66963 -1.50942 1.18551
9.585 2.66068 -1.49993 1.20566
9.59 2.65164 -1.4903 1.22561
9.595 2.64251 -1.48055 1.24537
9.6 2.63329 -1.47068 1.26493
9.605 2.62399 -1.46069 1.2843
9.61 2.61461 -1.45058 1.30346
9.615 2.60516 -1.44035 1.32242
9.62 2.59563 -1.43002 1.34119
9.625 2.58604 -1.41958 1.35974
9.63 2.57639 -1.40903 1.3781
9.635 2.56668 -1.39837 1.39625
9.64 2.55692 -1.38762 1.4142
9.645 2.54711 -1.37678 1.43194
9.65 2.53725 -1.36583 1.44947
9.655 2.52735 -1.3548 1.4668
9.66 2.51742 -1.34368 1.48392
9.665 2.50745 -1.33247 1.50083
9.67 2.49745 -1.32118 1.51754
9.675 2.48742 -1.30981 1.53404
9.68 2.47738 -1.29837 1.55033
9.685 2.46731 -1.28684 1.56641
9.69 2.45723 -1.27525 1.58228
9.695 2.44714 -1.26358 1.59795
9.7 2.43705 -1.25185 1.61341
9.705 2.42695 -1.24006 1.62867
9.71 2.41685 -1.2282 1.64371
9.715 2.40676 -1.21628 1.65856
9.72 2.39667 -1.20431 1.67319
9.725 2.3866 -1.19228 1.68762
9.73 2.37654 -1.18019 1.70185
9.735 2.36649 -1.16806 1.71588
9.74 2.35647 -1.15588 1.7297
9.745 2.34647 -1.14365 1.74332
9.75 2.33651 -1.13138 1.75673
9.755 2.32657 -1.11906 1.76995
9.76 2.31667 -1.10671 1.78297
9.765 2.3068 -1.09432 1.79579
9.77 2.29697 -1.08189 1.80841
9.775 2.28719 -1.06943 1.82083
9.78 2.27745 -1.05694 1.83306
9.785 2.26777 -1.04441 1.8451
9.79 2.25813 -1.03186 1.85694
9.795 2.24855 -1.01928 1.86859
9.8 2.23903 -1.00667 1.88005
9.805 2.22957 -0.994046 1.89132
9.81 2.22017 -0.981395 1.9024
9.815 2.21083 -0.968724 1.9133
9.82 2.20156 -0.956034 1.92401
9.825 2.19237 -0.943327 1.93453
9.83 2.18324 -0.930603 1.94487
9.835 2.17419 -0.917865 1.95503
9.84 2.16522 -0.905113 1.96501
9.845 2.15633 -0.892349 1.97481
9.85 2.14752 -0.879574 1.98443
9.855 2.13879 -0.866789 1.99387
9.86 2.13015 -0.853996 2.00314
9.865 2.12159 -0.841195 2.01224
9.87 2.11313 -0.828388 2.02116
9.875 2.10476 -0.815575 2.02991
9.88 2.09648 -0.802757 2.0385
9.885 2.0883 -0.789936 2.04691
9.89 2.08021 -0.777112 2.05516
9.895 2.07223 -0.764287 2.06324
9.9 2.06434 -0.75146 2.07116
9.905 2.05656 -0.738634 2.07892
9.91 2.04888 -0.725807 2.08651
9.915 2.04131 -0.712982 2.09395
9.92 2.03385 -0.700159 2.10122
9.925 2.02649 -0.687338 2.10834
9.93 2.01925 -0.674521 2.11531
9.935 2.01211 -0.661707 2.12212
9.94 2.00509 -0.648897 2.12878
9.945 1.99818 -0.636092 2.13528
9.95 1.99139 -0.623292 2.14164
9.955 1.98472 -0.610497 2.14784
9.96 1.97816 -0.597709 2.1539
9.965 1.97173 -0.584926 2.15981
9.97 1.96541 -0.572151 2.16558
9.975 1.95921 -0.559382 2.1712
9.98 1.95314 -0.54662 2.17668
9.985 1.94719 -0.533866 2.18202
9.99 1.94137 -0.52112 2.18722
9.995 1.93567 -0.508381 2.19228
10 1.9301 -0.495651 2.1972
