0 2 0.5 2
0.05 2.05 0.62 1.95
0.1 2.11045 0.739925 1.88645
0.15 2.18024 0.859363 1.80837
0.2 2.25794 0.977643 1.71469
0.25 2.34176 1.09379 1.60432
0.3 2.4295 1.2065 1.47625
0.35 2.51856 1.3141 1.32969
0.4 2.60592 1.41456 1.16421
0.45 2.68827 1.50558 0.979893
0.5 2.76203 1.58461 0.777524
0.55 2.82363 1.64903 0.558687
0.6 2.8697 1.69636 0.325874
0.65 2.89734 1.72441 0.0824721
0.7 2.90445 1.73158 -0.167338
0.75 2.88996 1.717 -0.418803
0.8 2.85401 1.68069 -0.666906
0.85 2.79796 1.62359 -0.906741
0.9 2.72436 1.54748 -1.13388
0.95 2.63662 1.45481 -1.34467
1 2.53881 1.34844 -1.53646
1.05 2.43522 1.23142 -1.70763
1.1 2.33008 1.10667 -1.85757
1.15 2.22729 0.976819 -1.9865
1.2 2.13027 0.844083 -2.09529
1.25 2.04184 0.710177 -2.18519
1.3 1.96425 0.576323 -2.2577
1.35 1.89919 0.443283 -2.3143
1.4 1.84789 0.311424 -2.35639
1.45 1.8112 0.180793 -2.38517
1.5 1.78964 0.0511926 -2.40154
1.55 1.78349 -0.0777441 -2.40612
1.6 1.79285 -0.206483 -2.39919
1.65 1.81762 -0.335524 -2.38068
1.7 1.85755 -0.465339 -2.35018
1.75 1.91224 -0.596307 -2.30696
1.8 1.98102 -0.728651 -2.24995
1.85 2.06299 -0.862367 -2.17778
1.9 2.15689 -0.997149 -2.08882
1.95 2.26104 -1.13231 -1.98129
2 2.37321 -1.2667 -1.85328
2.05 2.49059 -1.39865 -1.70297
2.1 2.60968 -1.52589 -1.5288
2.15 2.72632 -1.64558 -1.32969
2.2 2.83572 -1.75434 -1.10537
2.25 2.93268 -1.84837 -0.856634
2.3 3.01185 -1.92374 -0.585599
2.35 3.06818 -1.97665 -0.295898
2.4 3.09742 -2.00389 0.00733779
2.45 3.09669 -2.00321 0.317682
2.5 3.06487 -1.97369 0.627847
2.55 3.00291 -1.91596 0.930303
2.6 2.91379 -1.83216 1.21798
2.65 2.80221 -1.72569 1.4849
2.7 2.67409 -1.60086 1.72669
2.75 2.53588 -1.46234 1.94073
2.8 2.39398 -1.31469 2.12615
2.85 2.25422 -1.162 2.28351
2.9 2.12155 -1.00757 2.41448
2.95 1.99991 -0.853897 2.52136
3 1.89226 -0.702622 2.60675
3.05 1.80068 -0.554642 2.67323
3.1 1.72655 -0.410233 2.72316
3.15 1.67069 -0.269183 2.75858
3.2 1.63356 -0.130921 2.78106
3.25 1.61536 0.00536978 2.79176
3.3 1.61611 0.14066 2.79132
3.35 1.63574 0.275993 2.77996
3.4 1.6741 0.412411 2.75739
3.45 1.73096 0.550895 2.72286
3.5 1.80596 0.69229 2.67519
3.55 1.89856 0.837229 2.61267
3.6 2.00793 0.986038 2.5332
3.65 2.13282 1.13863 2.4342
3.7 2.2714 1.29438 2.31278
3.75 2.42109 1.45198 2.16577
3.8 2.57832 1.60929 1.99001
3.85 2.73844 1.76321 1.78254
3.9 2.89559 1.90966 1.54112
3.95 3.04274 2.04353 1.26464
4 3.17196 2.15897 0.953743
4.05 3.27492 2.24973 0.611335
4.1 3.34368 2.30979 0.242952
4.15 3.37174 2.33416 -0.143207
4.2 3.35503 2.31967 -0.536716
4.25 3.29278 2.26565 -0.925844
4.3 3.18789 2.17419 -1.29886
4.35 3.0467 2.04997 -1.64541
4.4 2.87804 1.89958 -1.9577
4.45 2.6921 1.73055 -2.23105
4.5 2.49906 1.55037 -2.46399
4.55 2.30805 1.36564 -2.65771
4.6 2.12658 1.18161 -2.81531
4.65 1.96025 1.002 -2.94095
4.7 1.81291 0.829053 -3.03916
4.75 1.68692 0.663762 -3.11431
4.8 1.58357 0.506153 -3.1703
4.85 1.50333 0.355542 -3.21037
4.9 1.44626 0.210754 -3.2371
4.95 1.41215 0.0703037 -3.25234
5 1.40072 -0.06748 -3.2573
5.05 1.41171 -0.204357 -3.25258
5.1 1.44494 -0.342107 -3.23815
5.15 1.50033 -0.482476 -3.21343
5.2 1.57785 -0.627112 -3.17724
5.25 1.67748 -0.777509 -3.12777
5.3 1.79907 -0.934912 -3.06255
5.35 1.94223 -1.1002 -2.97845
5.4 2.10608 -1.27375 -2.87161
5.45 2.28896 -1.45518 -2.73748
5.5 2.48814 -1.64316 -2.57094
5.55 2.69936 -1.83507 -2.36652
5.6 2.9165 -2.02671 -2.11884
5.65 3.13121 -2.2121 -1.8233
5.7 3.33288 -2.38337 -1.47697
5.75 3.50889 -2.53105 -1.07979
5.8 3.64554 -2.64472 -0.635735
5.85 3.7296 -2.71424 -0.153664
5.9 3.75046 -2.73144 0.352489
5.95 3.70232 -2.69178 0.864697
6 3.58594 -2.59574 1.36299
6.05 3.40904 -2.44911 1.8284
6.1 3.18515 -2.26212 2.24585
6.15 2.93113 -2.04752 2.60611
6.2 2.66432 -1.81835 2.90619
6.25 2.4001 -1.58606 3.14842
6.3 2.15042 -1.35936 3.33876
6.35 1.92349 -1.14397 3.48492
6.4 1.72416 -0.942876 3.59494
6.45 1.55468 -0.756929 3.67622
6.5 1.41555 -0.585468 3.73506
6.55 1.30621 -0.426854 3.7765
6.6 1.22561 -0.278866 3.80438
6.65 1.17256 -0.138986 3.82146
6.7 1.14601 -0.0045585 3.82961
6.75 1.14514 0.127105 3.82987
6.8 1.16948 0.258676 3.8226
6.85 1.21892 0.392789 3.80747
6.9 1.29369 0.532019 3.78353
6.95 1.39434 0.678861 3.74912
7 1.52159 0.835687 3.70179
7.05 1.67627 1.00467 3.63821
7.1 1.85903 1.18762 3.55401
7.15 2.07007 1.38583 3.44362
7.2 2.30869 1.59969 3.30018
7.25 2.57265 1.82826 3.11552
7.3 2.85745 2.06872 2.88034
7.35 3.15538 2.31563 2.58478
7.4 3.45465 2.56031 2.21945
7.45 3.73877 2.79033 1.7772
7.5 3.98672 2.98967 1.25558
7.55 4.17441 3.13984 0.659629
7.6 4.27796 3.22244 0.00428063
7.65 4.27865 3.22299 -0.684994
7.7 4.16827 3.13507 -1.3745
7.75 3.95281 2.96319 -2.02789
7.8 3.65236 2.72271 -2.61353
7.85 3.29657 2.43635 -3.11075
7.9 2.91762 2.1287 -3.51233
7.95 2.54379 1.82127 -3.82287
8 2.19566 1.52954 -4.05451
8.05 1.88559 1.26247 -4.22243
8.1 1.61905 1.02361 -4.34145
8.15 1.39685 0.812741 -4.42432
8.2 1.21706 0.627337 -4.48108
8.25 1.07651 0.463724 -4.51926
8.3 0.971722 0.317774 -4.54422
8.35 0.89952 0.185303 -4.55966
8.4 0.857274 0.0622577 -4.56799
8.45 0.843054 -0.0552229 -4.57066
8.5 0.855675 -0.170822 -4.56833
8.55 0.894693 -0.288093 -4.56102
8.6 0.960393 -0.410514 -4.54814
8.65 1.05375 -0.541554 -4.52842
8.7 1.17637 -0.684708 -4.49989
8.75 1.33042 -0.843514 -4.45962
8.8 1.51851 -1.02151 -4.40351
8.85 1.74342 -1.22211 -4.32595
8.9 2.00776 -1.44837 -4.21941
8.95 2.31332 -1.70252 -4.07402
9 2.66013 -1.98525 -3.87709
9.05 3.04498 -2.29466 -3.61304
9.1 3.45951 -2.62471 -3.26368
9.15 3.88782 -2.96343 -2.80967
9.2 4.30414 -3.29114 -2.23361
9.25 4.67169 -3.57955 -1.52533
9.3 4.94469 -3.79332 -0.689203
9.35 5.07541 -3.89556 0.248638
9.4 5.02698 -3.8577 1.23722
9.45 4.78834 -3.67112 2.20685
9.5 4.38326 -3.35411 3.08578
9.55 3.86576 -2.94833 3.82087
9.6 3.3025 -2.50522 4.39075
9.65 2.75251 -2.0702 4.80442
9.7 2.2552 -1.67348 5.08933
9.75 1.82936 -1.32915 5.27804
9.8 1.4786 -1.03949 5.39961
9.85 1.19795 -0.799973 5.47646
9.9 0.978903 -0.603156 5.52438
9.95 0.8123 -0.440921 5.5539
10 0.689858 -0.305579 5.57181
