0 2 0.5 2
0.05 2.05999 0.619655 1.93618
0.1 2.12856 0.738275 1.8576
0.15 2.20393 0.854868 1.7634
0.2 2.28394 0.968118 1.65284
0.25 2.36604 1.0764 1.5255
0.3 2.44739 1.17782 1.38137
0.35 2.52495 1.27031 1.221
0.4 2.59561 1.35173 1.04557
0.45 2.65646 1.42002 0.85696
0.5 2.70491 1.47339 0.65769
0.55 2.73896 1.51044 0.450839
0.6 2.75731 1.53028 0.239866
0.65 2.75949 1.53263 0.0284026
0.7 2.74583 1.5178 -0.179979
0.75 2.71743 1.48666 -0.381975
0.8 2.67604 1.44053 -0.57472
0.85 2.62384 1.38102 -0.7559
0.9 2.56334 1.30998 -0.923796
0.95 2.49712 1.22928 -1.07728
1 2.42778 1.14073 -1.21575
1.05 2.35775 1.04602 -1.33906
1.1 2.28924 0.946615 -1.44742
1.15 2.22421 0.843773 -1.54125
1.2 2.16435 0.738509 -1.62117
1.25 2.11105 0.631615 -1.68784
1.3 2.06544 0.52368 -1.74192
1.35 2.02841 0.415119 -1.78402
1.4 2.00063 0.306205 -1.81465
1.45 1.98255 0.197114 -1.83419
1.5 1.97444 0.0879542 -1.84288
1.55 1.9764 -0.0211892 -1.84078
1.6 1.9883 -0.130218 -1.82784
1.65 2.00985 -0.23898 -1.80382
1.7 2.04055 -0.347235 -1.76839
1.75 2.07967 -0.454616 -1.72112
1.8 2.12625 -0.5606 -1.66152
1.85 2.17904 -0.664483 -1.58913
1.9 2.23658 -0.765367 -1.50353
1.95 2.29713 -0.862157 -1.40451
2 2.35873 -0.953585 -1.29205
2.05 2.41929 -1.03824 -1.16646
2.1 2.4766 -1.11465 -1.02843
2.15 2.52853 -1.18134 -0.879077
2.2 2.57305 -1.23691 -0.719945
2.25 2.60845 -1.28018 -0.552981
2.3 2.63337 -1.31024 -0.380463
2.35 2.64696 -1.32651 -0.204902
2.4 2.64888 -1.32881 -0.0289084
2.45 2.63934 -1.31733 0.144936
2.5 2.61903 -1.29265 0.31421
2.55 2.5891 -1.25561 0.476755
2.6 2.55102 -1.20734 0.630753
2.65 2.50651 -1.14908 0.774763
2.7 2.45739 -1.08217 0.907728
2.75 2.40554 -1.00791 1.02896
2.8 2.35275 -0.927581 1.13807
2.85 2.30074 -0.84234 1.23498
2.9 2.25104 -0.753216 1.31975
2.95 2.20501 -0.661093 1.39264
3 2.16381 -0.566711 1.45395
3.05 2.12841 -0.470675 1.50404
3.1 2.09959 -0.373469 1.54325
3.15 2.07794 -0.275481 1.57187
3.2 2.06387 -0.177027 1.59014
3.25 2.05761 -0.0783727 1.5982
3.3 2.05922 0.0202298 1.59612
3.35 2.06861 0.118521 1.58386
3.4 2.08548 0.216204 1.56131
3.45 2.1094 0.312918 1.52831
3.5 2.1397 0.408218 1.48464
3.55 2.17556 0.501555 1.43008
3.6 2.21597 0.592262 1.36446
3.65 2.25972 0.679556 1.28768
3.7 2.30546 0.762537 1.19978
3.75 2.35172 0.840213 1.10098
3.8 2.39692 0.911526 0.991736
3.85 2.43948 0.975399 0.872762
3.9 2.47788 1.03078 0.745055
3.95 2.51071 1.07672 0.609888
4 2.53679 1.1124 0.468792
4.05 2.55518 1.1372 0.323505
4.1 2.5653 1.15073 0.175906
4.15 2.56691 1.15288 0.0279379
4.2 2.56014 1.14379 -0.118475
4.25 2.54544 1.12382 -0.261505
4.3 2.5236 1.09357 -0.399492
4.35 2.49562 1.05382 -0.530988
4.4 2.4627 1.00544 -0.654794
4.45 2.42615 0.949399 -0.769963
4.5 2.38733 0.886674 -0.875802
4.55 2.34757 0.81823 -0.971844
4.6 2.30816 0.744981 -1.05782
4.65 2.27031 0.667771 -1.13362
4.7 2.23509 0.587357 -1.19926
4.75 2.20345 0.504408 -1.25484
4.8 2.17617 0.419506 -1.30048
4.85 2.15391 0.333154 -1.33636
4.9 2.13716 0.245789 -1.36262
4.95 2.12628 0.1578 -1.3794
5 2.12146 0.0695399 -1.38678
5.05 2.12275 -0.0186474 -1.3848
5.1 2.13006 -0.106414 -1.37346
5.15 2.14314 -0.193387 -1.35274
5.2 2.1616 -0.279153 -1.32257
5.25 2.1849 -0.363243 -1.28289
5.3 2.21235 -0.445121 -1.23365
5.35 2.24314 -0.524182 -1.17486
5.4 2.27633 -0.599752 -1.1066
5.45 2.31086 -0.671092 -1.02906
5.5 2.34561 -0.737419 -0.942573
5.55 2.37943 -0.797927 -0.847643
5.6 2.41116 -0.851812 -0.74495
5.65 2.4397 -0.898316 -0.635369
5.7 2.46405 -0.936752 -0.519959
5.75 2.48338 -0.966548 -0.399944
5.8 2.49704 -0.987275 -0.276681
5.85 2.50461 -0.998667 -0.151618
5.9 2.50592 -1.00064 -0.0262416
5.95 2.50105 -0.993289 0.0979718
6 2.49033 -0.976882 0.21961
6.05 2.47427 -0.95184 0.337365
6.1 2.4536 -0.918711 0.450072
6.15 2.42915 -0.878139 0.556729
6.2 2.40188 -0.830834 0.656507
6.25 2.37277 -0.777535 0.748753
6.3 2.34283 -0.71899 0.832976
6.35 2.31302 -0.655925 0.908835
6.4 2.28427 -0.589034 0.97611
6.45 2.25742 -0.518962 1.03469
6.5 2.23322 -0.446303 1.08452
6.55 2.21231 -0.371596 1.12563
6.6 2.19521 -0.295332 1.15804
6.65 2.18233 -0.217958 1.18182
6.7 2.17396 -0.13989 1.19703
6.75 2.17025 -0.0615192 1.20371
6.8 2.17126 0.0167689 1.20188
6.85 2.1769 0.0945879 1.19159
6.9 2.18696 0.171536 1.17283
6.95 2.20111 0.247186 1.14563
7 2.21893 0.321077 1.11001
7.05 2.23987 0.392709 1.06602
7.1 2.26326 0.461544 1.01379
7.15 2.28839 0.527003 0.953496
7.2 2.31444 0.588478 0.885396
7.25 2.34057 0.645345 0.809872
7.3 2.36592 0.696976 0.727423
7.35 2.38964 0.742762 0.638676
7.4 2.41093 0.782137 0.544392
7.45 2.42907 0.814598 0.445456
7.5 2.44347 0.839732 0.342863
7.55 2.45366 0.857228 0.237696
7.6 2.45934 0.866901 0.131096
7.65 2.46039 0.868689 0.0242302
7.7 2.45687 0.862664 -0.0817423
7.75 2.44898 0.849021 -0.185704
7.8 2.43712 0.828066 -0.286609
7.85 2.42177 0.800203 -0.383504
7.9 2.40356 0.765912 -0.47555
7.95 2.38317 0.72573 -0.562027
8 2.36132 0.680227 -0.642338
8.05 2.33877 0.62999 -0.716008
8.1 2.31624 0.575605 -0.78267
8.15 2.29445 0.517643 -0.842055
8.2 2.27403 0.456655 -0.893978
8.25 2.25559 0.393161 -0.938318
8.3 2.23961 0.327652 -0.975009
8.35 2.22653 0.260587 -1.00402
8.4 2.21667 0.192402 -1.02534
8.45 2.21025 0.123509 -1.03899
8.5 2.20742 0.0543071 -1.04499
8.55 2.20819 -0.0148104 -1.04335
8.6 2.2125 -0.0834502 -1.03412
8.65 2.22019 -0.151211 -1.01733
8.7 2.231 -0.217676 -0.993053
8.75 2.24458 -0.282411 -0.961358
8.8 2.26049 -0.344961 -0.922369
8.85 2.27822 -0.40485 -0.876252
8.9 2.29722 -0.461585 -0.823234
8.95 2.31687 -0.514661 -0.763614
9 2.33654 -0.563572 -0.697773
9.05 2.35557 -0.607822 -0.626185
9.1 2.37334 -0.646941 -0.549415
9.15 2.38927 -0.680495 -0.46812
9.2 2.40283 -0.708107 -0.383048
9.25 2.41359 -0.729468 -0.295016
9.3 2.42121 -0.744351 -0.204904
9.35 2.42549 -0.75262 -0.11363
9.4 2.42633 -0.754231 -0.02213
9.45 2.42375 -0.749238 0.0686683
9.5 2.41793 -0.737786 0.157864
9.55 2.40912 -0.720108 0.244605
9.6 2.3977 -0.696507 0.328106
9.65 2.38409 -0.66735 0.407657
9.7 2.36882 -0.633052 0.482636
9.75 2.35241 -0.59406 0.55251
9.8 2.33542 -0.550843 0.616832
9.85 2.3184 -0.503879 0.675242
9.9 2.3019 -0.453643 0.727454
9.95 2.28642 -0.400604 0.773252
10 2.27239 -0.345216 0.812475
