0 2 0.5 2
0.1 2.13565 0.736133 1.84279
0.2 2.29134 0.959262 1.62299
0.3 2.44626 1.15597 1.34021
0.4 2.57766 1.31098 1.00228
0.5 2.66601 1.41113 0.62607
0.6 2.70003 1.44917 0.23479
0.7 2.67906 1.42552 -0.147116
0.8 2.61183 1.34732 -0.499013
0.9 2.51292 1.22564 -0.807007
1 2.39878 1.07247 -1.06427
1.1 2.28472 0.898434 -1.26953
1.2 2.1833 0.711771 -1.42494
1.3 2.10382 0.518142 -1.53394
1.4 2.05244 0.321126 -1.59985
1.5 2.03246 0.12298 -1.62485
1.6 2.04445 -0.0744674 -1.60962
1.7 2.08622 -0.268927 -1.55352
1.8 2.15271 -0.45688 -1.45517
1.9 2.23587 -0.633104 -1.31361
2 2.32521 -0.790719 -1.12975
2.1 2.40888 -0.921908 -0.907677
2.2 2.47568 -1.01925 -0.655342
2.3 2.51707 -1.07727 -0.384185
2.4 2.52884 -1.0936 -0.10763
2.5 2.51163 -1.06935 0.160951
2.6 2.47027 -1.00857 0.410094
2.7 2.41236 -0.917185 0.631352
2.8 2.34665 -0.801799 0.819506
2.9 2.28165 -0.668722 0.972085
3 2.22467 -0.523425 1.08853
3.1 2.18136 -0.370382 1.16932
3.2 2.15545 -0.213213 1.21528
3.3 2.1487 -0.0550131 1.2271
3.4 2.1609 0.101249 1.20522
3.5 2.18992 0.252348 1.14996
3.6 2.23182 0.394547 1.0619
3.7 2.28116 0.523543 0.942476
3.8 2.33159 0.634689 0.794493
3.9 2.37662 0.723463 0.622553
4 2.41067 0.786099 0.43305
4.1 2.42984 0.820179 0.23376
4.2 2.43257 0.825006 0.0330714
4.3 2.41967 0.801647 -0.160901
4.4 2.394 0.752653 -0.341085
4.5 2.35979 0.681587 -0.501925
4.6 2.3219 0.592496 -0.639497
4.7 2.28512 0.489481 -0.751349
4.8 2.25364 0.376414 -0.836179
4.9 2.2307 0.25683 -0.89347
5 2.21833 0.133954 -0.923186
5.1 2.21733 0.0108145 -0.925584
5.2 2.22721 -0.109611 -0.901171
5.3 2.24629 -0.224279 -0.850792
5.4 2.27189 -0.330032 -0.775812
5.5 2.30063 -0.423669 -0.678341
5.6 2.32882 -0.502114 -0.561407
5.7 2.35296 -0.562681 -0.429011
5.8 2.37022 -0.603354 -0.286003
5.9 2.3788 -0.623022 -0.137798
6 2.37818 -0.621591 0.0100277
6.1 2.36905 -0.599962 0.152162
6.2 2.35316 -0.559877 0.28391
6.3 2.33294 -0.503689 0.401417
6.4 2.31115 -0.434112 0.501747
6.5 2.29052 -0.354012 0.582834
6.6 2.27339 -0.266255 0.643364
6.7 2.26154 -0.173627 0.682631
6.8 2.25602 -0.0788185 0.700412
6.9 2.2571 0.0155601 0.6969
7 2.2643 0.10695 0.672684
7.1 2.27642 0.192833 0.628787
7.2 2.29177 0.270762 0.566735
7.3 2.3083 0.338434 0.488614
7.4 2.32394 0.393804 0.397096
7.5 2.3368 0.43522 0.295394
7.6 2.34544 0.461556 0.187139
7.7 2.34903 0.472295 0.0761951
7.8 2.34746 0.467567 -0.0335647
7.9 2.34126 0.448114 -0.13848
8 2.33149 0.415201 -0.235283
8.1 2.31959 0.370494 -0.321223
8.2 2.30714 0.315938 -0.394114
8.3 2.29567 0.253633 -0.45234
8.4 2.28647 0.18575 -0.494811
8.5 2.28051 0.114473 -0.520917
8.6 2.27829 0.0419583 -0.530476
8.7 2.27984 -0.0296801 -0.523709
8.8 2.28477 -0.0983917 -0.501229
8.9 2.2923 -0.162215 -0.464044
9 2.30137 -0.219322 -0.41357
9.1 2.3108 -0.268074 -0.351624
9.2 2.31941 -0.307095 -0.280396
9.3 2.32619 -0.335343 -0.202389
9.4 2.33043 -0.352167 -0.120319
9.5 2.33175 -0.357342 -0.0369956
9.6 2.33018 -0.351077 0.0448117
9.7 2.32609 -0.333981 0.122499
9.8 2.32014 -0.307012 0.19373
9.9 2.31318 -0.27141 0.256512
10 2.30611 -0.228623 0.309235
