0 2 0.5 2
0.005 2.00511 0.512 1.99487
0.01 2.01032 0.523999 1.9896
0.015 2.01564 0.535997 1.9842
0.02 2.02106 0.547994 1.97866
0.025 2.02658 0.559989 1.97299
0.03 2.03221 0.571983 1.96717
0.035 2.03794 0.583973 1.96122
0.04 2.04376 0.595961 1.95513
0.045 2.04969 0.607945 1.9489
0.05 2.05571 0.619924 1.94253
0.055 2.06182 0.6319 1.93602
0.06 2.06803 0.643869 1.92936
0.065 2.07434 0.655834 1.92256
0.07 2.08074 0.667791 1.91561
0.075 2.08722 0.679742 1.90852
0.08 2.0938 0.691684 1.90127
0.085 2.10046 0.703618 1.89388
0.09 2.10721 0.715543 1.88635
0.095 2.11404 0.727458 1.87866
0.1 2.12096 0.739362 1.87082
0.105 2.12796 0.751254 1.86282
0.11 2.13503 0.763133 1.85468
0.115 2.14219 0.774999 1.84638
0.12 2.14942 0.78685 1.83792
0.125 2.15672 0.798686 1.82931
0.13 2.1641 0.810506 1.82054
0.135 2.17155 0.822308 1.81161
0.14 2.17907 0.834091 1.80252
0.145 2.18665 0.845855 1.79327
0.15 2.1943 0.857598 1.78386
0.155 2.20201 0.869319 1.77429
0.16 2.20979 0.881017 1.76456
0.165 2.21762 0.89269 1.75466
0.17 2.22551 0.904338 1.7446
0.175 2.23345 0.915959 1.73437
0.18 2.24144 0.927551 1.72397
0.185 2.24949 0.939114 1.71341
0.19 2.25758 0.950646 1.70268
0.195 2.26572 0.962145 1.69178
0.2 2.2739 0.973611 1.68071
0.205 2.28213 0.985041 1.66947
0.21 2.29039 0.996433 1.65806
0.215 2.29868 1.00779 1.64648
0.22 2.30701 1.0191 1.63472
0.225 2.31537 1.03037 1.62279
0.23 2.32376 1.0416 1.61069
0.235 2.33218 1.05279 1.59841
0.24 2.34061 1.06392 1.58596
0.245 2.34907 1.07501 1.57334
0.25 2.35754 1.08605 1.56053
0.255 2.36603 1.09703 1.54756
0.26 2.37453 1.10796 1.5344
0.265 2.38304 1.11884 1.52107
0.27 2.39156 1.12965 1.50756
0.275 2.40007 1.14041 1.49388
0.28 2.40859 1.1511 1.48001
0.285 2.41711 1.16173 1.46597
0.29 2.42562 1.1723 1.45176
0.295 2.43412 1.18279 1.43736
0.3 2.44261 1.19322 1.42279
0.305 2.45108 1.20357 1.40804
0.31 2.45953 1.21385 1.39311
0.315 2.46797 1.22405 1.37801
0.32 2.47638 1.23418 1.36272
0.325 2.48476 1.24422 1.34727
0.33 2.49311 1.25418 1.33163
0.335 2.50143 1.26406 1.31582
0.34 2.5097 1.27384 1.29984
0.345 2.51794 1.28354 1.28368
0.35 2.52614 1.29314 1.26734
0.355 2.53428 1.30265 1.25084
0.36 2.54238 1.31207 1.23416
0.365 2.55042 1.32138 1.21731
0.37 2.55841 1.33059 1.20029
0.375 2.56633 1.3397 1.1831
0.38 2.5742 1.3487 1.16574
0.385 2.58199 1.3576 1.14821
0.39 2.58971 1.36638 1.13052
0.395 2.59736 1.37505 1.11266
0.4 2.60494 1.38361 1.09464
0.405 2.61243 1.39204 1.07646
0.41 2.61984 1.40036 1.05811
0.415 2.62716 1.40855 1.03961
0.42 2.63439 1.41662 1.02095
0.425 2.64153 1.42456 1.00214
0.43 2.64857 1.43237 0.983168
0.435 2.65551 1.44005 0.964047
0.44 2.66235 1.4476 0.944777
0.445 2.66908 1.45501 0.92536
0.45 2.6757 1.46228 0.905796
0.455 2.68221 1.46941 0.88609
0.46 2.68861 1.4764 0.866243
0.465 2.69488 1.48324 0.846257
0.47 2.70104 1.48993 0.826135
0.475 2.70707 1.49648 0.80588
0.48 2.71297 1.50287 0.785494
0.485 2.71874 1.50911 0.764979
0.49 2.72438 1.51519 0.744339
0.495 2.72989 1.52112 0.723577
0.5 2.73525 1.52689 0.702695
0.505 2.74047 1.53249 0.681696
0.51 2.74555 1.53793 0.660584
0.515 2.75049 1.54321 0.639361
0.52 2.75527 1.54832 0.618031
0.525 2.7599 1.55326 0.596596
0.53 2.76438 1.55802 0.575062
0.535 2.76871 1.56262 0.553429
0.54 2.77287 1.56704 0.531703
0.545 2.77688 1.57129 0.509887
0.55 2.78072 1.57536 0.487984
0.555 2.7844 1.57926 0.465997
0.56 2.78792 1.58297 0.443931
0.565 2.79126 1.5865 0.42179
0.57 2.79444 1.58985 0.399576
0.575 2.79744 1.59302 0.377294
0.58 2.80028 1.596 0.354948
0.585 2.80294 1.59879 0.332541
0.59 2.80542 1.6014 0.310078
0.595 2.80772 1.60383 0.287563
0.6 2.80985 1.60606 0.264999
0.605 2.8118 1.60811 0.24239
0.61 2.81357 1.60996 0.219742
0.615 2.81516 1.61162 0.197057
0.62 2.81656 1.6131 0.17434
0.625 2.81779 1.61438 0.151595
0.63 2.81883 1.61547 0.128826
0.635 2.81969 1.61637 0.106038
0.64 2.82036 1.61707 0.0832345
0.645 2.82085 1.61758 0.0604197
0.65 2.82115 1.6179 0.037598
0.655 2.82127 1.61802 0.0147736
0.66 2.82121 1.61796 -0.00804931
0.665 2.82096 1.61769 -0.0308665
0.67 2.82052 1.61724 -0.0536738
0.675 2.8199 1.61659 -0.076467
0.68 2.8191 1.61575 -0.0992419
0.685 2.81812 1.61472 -0.121994
0.69 2.81695 1.6135 -0.14472
0.695 2.8156 1.61209 -0.167415
0.7 2.81407 1.61048 -0.190075
0.705 2.81236 1.60869 -0.212696
0.71 2.81047 1.6067 -0.235274
0.715 2.8084 1.60453 -0.257805
0.72 2.80615 1.60217 -0.280285
0.725 2.80373 1.59963 -0.302709
0.73 2.80114 1.59689 -0.325075
0.735 2.79837 1.59398 -0.347377
0.74 2.79543 1.59088 -0.369613
0.745 2.79232 1.5876 -0.391779
0.75 2.78904 1.58413 -0.41387
0.755 2.7856 1.58049 -0.435883
0.76 2.78199 1.57667 -0.457814
0.765 2.77822 1.57267 -0.47966
0.77 2.77428 1.5685 -0.501418
0.775 2.77019 1.56415 -0.523083
0.78 2.76595 1.55963 -0.544652
0.785 2.76154 1.55494 -0.566122
0.79 2.75699 1.55008 -0.58749
0.795 2.75229 1.54506 -0.608752
0.8 2.74744 1.53986 -0.629905
0.805 2.74244 1.53451 -0.650947
0.81 2.73731 1.52899 -0.671874
0.815 2.73203 1.52331 -0.692682
0.82 2.72662 1.51748 -0.71337
0.825 2.72107 1.51149 -0.733935
0.83 2.71539 1.50534 -0.754373
0.835 2.70959 1.49904 -0.774682
0.84 2.70366 1.4926 -0.794859
0.845 2.6976 1.486 -0.814902
0.85 2.69143 1.47926 -0.834809
0.855 2.68514 1.47238 -0.854576
0.86 2.67873 1.46535 -0.874203
0.865 2.67221 1.45819 -0.893686
0.87 2.66559 1.45089 -0.913023
0.875 2.65886 1.44345 -0.932213
0.88 2.65203 1.43588 -0.951253
0.885 2.64511 1.42819 -0.970141
0.89 2.63808 1.42036 -0.988877
0.895 2.63097 1.41241 -1.00746
0.9 2.62377 1.40433 -1.02588
0.905 2.61648 1.39614 -1.04414
0.91 2.60911 1.38782 -1.06225
0.915 2.60166 1.37939 -1.08019
0.92 2.59413 1.37085 -1.09797
0.925 2.58653 1.36219 -1.11559
0.93 2.57886 1.35342 -1.13304
0.935 2.57113 1.34455 -1.15033
0.94 2.56333 1.33557 -1.16744
0.945 2.55548 1.32649 -1.18439
0.95 2.54757 1.31731 -1.20117
0.955 2.5396 1.30803 -1.21778
0.96 2.53159 1.29866 -1.23422
0.965 2.52353 1.28919 -1.25049
0.97 2.51542 1.27964 -1.26658
0.975 2.50728 1.26999 -1.2825
0.98 2.4991 1.26026 -1.29825
0.985 2.49089 1.25044 -1.31382
0.99 2.48264 1.24054 -1.32922
0.995 2.47437 1.23056 -1.34445
1 2.46607 1.2205 -1.3595
1.005 2.45775 1.21037 -1.37437
1.01 2.44942 1.20016 -1.38907
1.015 2.44107 1.18988 -1.40359
1.02 2.43271 1.17953 -1.41794
1.025 2.42433 1.16912 -1.43211
1.03 2.41596 1.15864 -1.44611
1.035 2.40758 1.14809 -1.45993
1.04 2.3992 1.13748 -1.47357
1.045 2.39082 1.12682 -1.48704
1.05 2.38244 1.1161 -1.50034
1.055 2.37408 1.10532 -1.51346
1.06 2.36573 1.09448 -1.5264
1.065 2.35739 1.0836 -1.53918
1.07 2.34907 1.07266 -1.55178
1.075 2.34076 1.06168 -1.5642
1.08 2.33248 1.05065 -1.57645
1.085 2.32422 1.03957 -1.58854
1.09 2.31599 1.02845 -1.60044
1.095 2.30779 1.01729 -1.61218
1.1 2.29963 1.00609 -1.62375
1.105 2.29149 0.994846 -1.63515
1.11 2.2834 0.983568 -1.64638
1.115 2.27534 0.972254 -1.65744
1.12 2.26732 0.960906 -1.66833
1.125 2.25935 0.949526 -1.67906
1.13 2.25143 0.938113 -1.68962
1.135 2.24355 0.926671 -1.70002
1.14 2.23572 0.9152 -1.71025
1.145 2.22795 0.903702 -1.72031
1.15 2.22023 0.892177 -1.73022
1.155 2.21257 0.880628 -1.73996
1.16 2.20497 0.869055 -1.74954
1.165 2.19743 0.85746 -1.75896
1.17 2.18995 0.845843 -1.76822
1.175 2.18253 0.834205 -1.77733
1.18 2.17519 0.822549 -1.78627
1.185 2.16791 0.810874 -1.79506
1.19 2.1607 0.799183 -1.8037
1.195 2.15357 0.787475 -1.81218
1.2 2.14651 0.775751 -1.8205
1.205 2.13952 0.764014 -1.82868
1.21 2.13261 0.752263 -1.8367
1.215 2.12578 0.7405 -1.84457
1.22 2.11903 0.728724 -1.85229
1.225 2.11237 0.716938 -1.85986
1.23 2.10578 0.705142 -1.86728
1.235 2.09928 0.693336 -1.87456
1.24 2.09287 0.681522 -1.88169
1.245 2.08655 0.669699 -1.88868
1.25 2.08031 0.65787 -1.89552
1.255 2.07417 0.646033 -1.90222
1.26 2.06812 0.63419 -1.90878
1.265 2.06216 0.622342 -1.9152
1.27 2.05629 0.610489 -1.92148
1.275 2.05052 0.598631 -1.92761
1.28 2.04485 0.586769 -1.93361
1.285 2.03927 0.574904 -1.93947
1.29 2.0338 0.563035 -1.9452
1.295 2.02842 0.551164 -1.95079
1.3 2.02315 0.539291 -1.95624
1.305 2.01797 0.527416 -1.96157
1.31 2.0129 0.515539 -1.96675
1.315 2.00794 0.503661 -1.97181
1.32 2.00308 0.491782 -1.97674
1.325 1.99832 0.479903 -1.98153
1.33 1.99368 0.468024 -1.9862
1.335 1.98914 0.456144 -1.99073
1.34 1.9847 0.444265 -1.99514
1.345 1.98038 0.432386 -1.99942
1.35 1.97617 0.420508 -2.00358
1.355 1.97207 0.40863 -2.00761
1.36 1.96808 0.396754 -2.01151
1.365 1.9642 0.384879 -2.01529
1.37 1.96043 0.373005 -2.01895
1.375 1.95678 0.361132 -2.02248
1.38 1.95324 0.349261 -2.02589
1.385 1.94982 0.337391 -2.02918
1.39 1.94651 0.325523 -2.03235
1.395 1.94332 0.313657 -2.0354
1.4 1.94024 0.301792 -2.03833
1.405 1.93728 0.289929 -2.04113
1.41 1.93444 0.278069 -2.04382
1.415 1.93172 0.266209 -2.04639
1.42 1.92911 0.254352 -2.04885
1.425 1.92663 0.242496 -2.05118
1.43 1.92426 0.230642 -2.0534
1.435 1.92201 0.21879 -2.05551
1.44 1.91988 0.20694 -2.05749
1.445 1.91787 0.195091 -2.05936
1.45 1.91598 0.183244 -2.06112
1.455 1.91422 0.171398 -2.06276
1.46 1.91257 0.159554 -2.06428
1.465 1.91104 0.147711 -2.0657
1.47 1.90964 0.135869 -2.06699
1.475 1.90836 0.124029 -2.06818
1.48 1.9072 0.11219 -2.06925
1.485 1.90616 0.100351 -2.0702
1.49 1.90524 0.0885137 -2.07105
1.495 1.90445 0.0766769 -2.07178
1.5 1.90377 0.0648408 -2.07239
1.505 1.90323 0.0530052 -2.0729
1.51 1.9028 0.0411701 -2.07329
1.515 1.90249 0.0293352 -2.07357
1.52 1.90231 0.0175005 -2.07374
1.525 1.90225 0.0056659 -2.07379
1.53 1.90232 -0.00616879 -2.07373
1.535 1.9025 -0.0180037 -2.07356
1.54 1.90281 -0.0298388 -2.07328
1.545 1.90325 -0.0416744 -2.07288
1.55 1.9038 -0.0535106 -2.07237
1.555 1.90448 -0.0653474 -2.07175
1.56 1.90528 -0.0771849 -2.07101
1.565 1.9062 -0.0890233 -2.07016
1.57 1.90724 -0.100863 -2.0692
1.575 1.90841 -0.112703 -2.06813
1.58 1.90969 -0.124545 -2.06694
1.585 1.9111 -0.136388 -2.06563
1.59 1.91263 -0.148232 -2.06422
1.595 1.91428 -0.160078 -2.06268
1.6 1.91606 -0.171925 -2.06104
1.605 1.91795 -0.183774 -2.05927
1.61 1.91996 -0.195624 -2.0574
1.615 1.92209 -0.207476 -2.0554
1.62 1.92434 -0.21933 -2.05329
1.625 1.92671 -0.231185 -2.05107
1.63 1.9292 -0.243042 -2.04872
1.635 1.93181 -0.254901 -2.04626
1.64 1.93454 -0.266762 -2.04368
1.645 1.93738 -0.278625 -2.04098
1.65 1.94034 -0.290489 -2.03816
1.655 1.94342 -0.302355 -2.03522
1.66 1.94661 -0.314222 -2.03216
1.665 1.94992 -0.326091 -2.02899
1.67 1.95334 -0.337962 -2.02568
1.675 1.95688 -0.349834 -2.02226
1.68 1.96053 -0.361707 -2.01872
1.685 1.96429 -0.373582 -2.01505
1.69 1.96817 -0.385457 -2.01125
1.695 1.97216 -0.397333 -2.00734
1.7 1.97626 -0.40921 -2.00329
1.705 1.98047 -0.421088 -1.99912
1.71 1.98479 -0.432966 -1.99483
1.715 1.98921 -0.444844 -1.9904
1.72 1.99375 -0.456722 -1.98585
1.725 1.99839 -0.468599 -1.98117
1.73 2.00314 -0.480476 -1.97635
1.735 2.00799 -0.492352 -1.97141
1.74 2.01295 -0.504226 -1.96634
1.745 2.01801 -0.516099 -1.96113
1.75 2.02317 -0.527969 -1.95579
1.755 2.02844 -0.539838 -1.95031
1.76 2.0338 -0.551703 -1.9447
1.765 2.03926 -0.563565 -1.93896
1.77 2.04483 -0.575424 -1.93307
1.775 2.05048 -0.587278 -1.92705
1.78 2.05624 -0.599127 -1.92089
1.785 2.06209 -0.610971 -1.91459
1.79 2.06803 -0.62281 -1.90815
1.795 2.07406 -0.634642 -1.90157
1.8 2.08019 -0.646467 -1.89485
1.805 2.0864 -0.658284 -1.88798
1.81 2.0927 -0.670093 -1.88097
1.815 2.09909 -0.681893 -1.87381
1.82 2.10557 -0.693683 -1.86651
1.825 2.11212 -0.705463 -1.85906
1.83 2.11876 -0.717231 -1.85146
1.835 2.12548 -0.728987 -1.84371
1.84 2.13228 -0.740731 -1.83582
1.845 2.13916 -0.75246 -1.82777
1.85 2.14611 -0.764175 -1.81957
1.855 2.15314 -0.775875 -1.81121
1.86 2.16024 -0.787558 -1.80271
1.865 2.16741 -0.799223 -1.79405
1.87 2.17464 -0.81087 -1.78523
1.875 2.18195 -0.822497 -1.77626
1.88 2.18932 -0.834103 -1.76713
1.885 2.19675 -0.845688 -1.75784
1.89 2.20425 -0.857249 -1.74839
1.895 2.2118 -0.868787 -1.73878
1.9 2.21941 -0.880299 -1.72901
1.905 2.22707 -0.891785 -1.71908
1.91 2.23479 -0.903242 -1.70899
1.915 2.24256 -0.914671 -1.69873
1.92 2.25038 -0.926069 -1.68831
1.925 2.25824 -0.937435 -1.67773
1.93 2.26615 -0.948768 -1.66698
1.935 2.2741 -0.960066 -1.65606
1.94 2.28209 -0.971328 -1.64498
1.945 2.29012 -0.982552 -1.63373
1.95 2.29818 -0.993737 -1.62231
1.955 2.30627 -1.00488 -1.61072
1.96 2.31439 -1.01598 -1.59896
1.965 2.32254 -1.02704 -1.58704
1.97 2.33072 -1.03805 -1.57494
1.975 2.33891 -1.04902 -1.56267
1.98 2.34713 -1.05993 -1.55023
1.985 2.35536 -1.0708 -1.53762
1.99 2.36361 -1.08161 -1.52484
1.995 2.37187 -1.09237 -1.51189
2 2.38013 -1.10307 -1.49876
2.005 2.3884 -1.11372 -1.48546
2.01 2.39668 -1.1243 -1.47199
2.015 2.40495 -1.13482 -1.45834
2.02 2.41322 -1.14528 -1.44452
2.025 2.42149 -1.15567 -1.43053
2.03 2.42975 -1.16599 -1.41636
2.035 2.43799 -1.17625 -1.40203
2.04 2.44622 -1.18643 -1.38751
2.045 2.45444 -1.19654 -1.37283
2.05 2.46263 -1.20657 -1.35797
2.055 2.4708 -1.21653 -1.34294
2.06 2.47894 -1.2264 -1.32774
2.065 2.48705 -1.23619 -1.31237
2.07 2.49513 -1.2459 -1.29683
2.075 2.50317 -1.25552 -1.28111
2.08 2.51118 -1.26505 -1.26523
2.085 2.51914 -1.27449 -1.24918
2.09 2.52705 -1.28384 -1.23295
2.095 2.53492 -1.29309 -1.21657
2.1 2.54273 -1.30225 -1.20001
2.105 2.55049 -1.3113 -1.18329
2.11 2.55819 -1.32025 -1.1664
2.115 2.56583 -1.3291 -1.14935
2.12 2.5734 -1.33784 -1.13213
2.125 2.5809 -1.34647 -1.11476
2.13 2.58834 -1.35499 -1.09722
2.135 2.5957 -1.3634 -1.07953
2.14 2.60298 -1.37169 -1.06168
2.145 2.61018 -1.37986 -1.04367
2.15 2.6173 -1.38791 -1.0255
2.155 2.62432 -1.39584 -1.00719
2.16 2.63126 -1.40365 -0.988722
2.165 2.63811 -1.41132 -0.970106
2.17 2.64486 -1.41887 -0.951342
2.175 2.65151 -1.42629 -0.932433
2.18 2.65806 -1.43357 -0.913381
2.185 2.6645 -1.44072 -0.894187
2.19 2.67083 -1.44773 -0.874853
2.195 2.67705 -1.4546 -0.855383
2.2 2.68316 -1.46133 -0.835778
2.205 2.68915 -1.46791 -0.816041
2.21 2.69502 -1.47435 -0.796174
2.215 2.70076 -1.48064 -0.77618
2.22 2.70638 -1.48678 -0.756061
2.225 2.71187 -1.49276 -0.73582
2.23 2.71724 -1.49859 -0.71546
2.235 2.72246 -1.50427 -0.694983
2.24 2.72755 -1.50979 -0.674393
2.245 2.73251 -1.51515 -0.653693
2.25 2.73732 -1.52034 -0.632884
2.255 2.74198 -1.52538 -0.611971
2.26 2.74651 -1.53025 -0.590957
2.265 2.75088 -1.53495 -0.569845
2.27 2.7551 -1.53948 -0.548638
2.275 2.75917 -1.54385 -0.527339
2.28 2.76309 -1.54804 -0.505952
2.285 2.76685 -1.55207 -0.48448
2.29 2.77045 -1.55591 -0.462928
2.295 2.77389 -1.55959 -0.441297
2.3 2.77717 -1.56308 -0.419592
2.305 2.78029 -1.5664 -0.397817
2.31 2.78324 -1.56954 -0.375975
2.315 2.78602 -1.5725 -0.35407
2.32 2.78864 -1.57528 -0.332106
2.325 2.79108 -1.57787 -0.310086
2.33 2.79336 -1.58029 -0.288014
2.335 2.79546 -1.58252 -0.265895
2.34 2.79739 -1.58456 -0.243732
2.345 2.79915 -1.58642 -0.221529
2.35 2.80073 -1.5881 -0.199289
2.355 2.80214 -1.58958 -0.177018
2.36 2.80337 -1.59089 -0.154719
2.365 2.80443 -1.592 -0.132396
2.37 2.8053 -1.59293 -0.110053
2.375 2.806 -1.59366 -0.0876934
2.38 2.80652 -1.59421 -0.0653225
2.385 2.80686 -1.59458 -0.0429437
2.39 2.80703 -1.59475 -0.0205612
2.395 2.80701 -1.59473 0.00182101
2.4 2.80682 -1.59453 0.0241988
2.405 2.80645 -1.59414 0.0465681
2.41 2.8059 -1.59356 0.0689249
2.415 2.80517 -1.59279 0.0912652
2.42 2.80427 -1.59183 0.113585
2.425 2.80319 -1.59069 0.13588
2.43 2.80193 -1.58936 0.158146
2.435 2.8005 -1.58785 0.18038
2.44 2.79889 -1.58615 0.202577
2.445 2.79711 -1.58426 0.224734
2.45 2.79516 -1.58219 0.246846
2.455 2.79304 -1.57994 0.268911
2.46 2.79074 -1.5775 0.290922
2.465 2.78828 -1.57488 0.312879
2.47 2.78565 -1.57209 0.334775
2.475 2.78285 -1.56911 0.356608
2.48 2.77989 -1.56595 0.378374
2.485 2.77676 -1.56262 0.400069
2.49 2.77347 -1.55911 0.42169
2.495 2.77002 -1.55543 0.443232
2.5 2.76642 -1.55157 0.464694
2.505 2.76266 -1.54754 0.486071
2.51 2.75874 -1.54334 0.507359
2.515 2.75468 -1.53898 0.528556
2.52 2.75046 -1.53444 0.549658
2.525 2.74609 -1.52974 0.570662
2.53 2.74158 -1.52487 0.591565
2.535 2.73693 -1.51985 0.612363
2.54 2.73214 -1.51466 0.633055
2.545 2.7272 -1.50931 0.653636
2.55 2.72214 -1.5038 0.674104
2.555 2.71693 -1.49814 0.694455
2.56 2.7116 -1.49233 0.714688
2.565 2.70614 -1.48636 0.7348
2.57 2.70055 -1.48025 0.754787
2.575 2.69484 -1.47399 0.774648
2.58 2.68902 -1.46758 0.79438
2.585 2.68307 -1.46103 0.81398
2.59 2.67701 -1.45433 0.833446
2.595 2.67084 -1.4475 0.852777
2.6 2.66456 -1.44053 0.871968
2.605 2.65817 -1.43342 0.89102
2.61 2.65168 -1.42619 0.909929
2.615 2.64509 -1.41882 0.928693
2.62 2.63841 -1.41132 0.947311
2.625 2.63163 -1.40369 0.965781
2.63 2.62476 -1.39594 0.984102
2.635 2.6178 -1.38807 1.00227
2.64 2.61076 -1.38008 1.02029
2.645 2.60364 -1.37197 1.03815
2.65 2.59644 -1.36375 1.05585
2.655 2.58917 -1.35541 1.0734
2.66 2.58182 -1.34696 1.09079
2.665 2.57441 -1.33841 1.10801
2.67 2.56693 -1.32974 1.12508
2.675 2.55938 -1.32097 1.14198
2.68 2.55178 -1.3121 1.15873
2.685 2.54413 -1.30313 1.1753
2.69 2.53641 -1.29406 1.19171
2.695 2.52865 -1.2849 1.20796
2.7 2.52085 -1.27564 1.22404
2.705 2.513 -1.2663 1.23995
2.71 2.5051 -1.25686 1.25569
2.715 2.49718 -1.24734 1.27127
2.72 2.48921 -1.23773 1.28667
2.725 2.48122 -1.22804 1.30191
2.73 2.4732 -1.21826 1.31697
2.735 2.46515 -1.20841 1.33187
2.74 2.45708 -1.19849 1.34659
2.745 2.44899 -1.18849 1.36114
2.75 2.44089 -1.17842 1.37552
2.755 2.43277 -1.16827 1.38973
2.76 2.42464 -1.15806 1.40377
2.765 2.41651 -1.14779 1.41764
2.77 2.40837 -1.13744 1.43134
2.775 2.40022 -1.12704 1.44487
2.78 2.39208 -1.11658 1.45822
2.785 2.38395 -1.10605 1.4714
2.79 2.37581 -1.09547 1.48442
2.795 2.36769 -1.08484 1.49726
2.8 2.35958 -1.07415 1.50993
2.805 2.35149 -1.06341 1.52244
2.81 2.34341 -1.05262 1.53477
2.815 2.33535 -1.04178 1.54693
2.82 2.32732 -1.0309 1.55893
2.825 2.31931 -1.01997 1.57076
2.83 2.31132 -1.00899 1.58242
2.835 2.30337 -0.99798 1.59391
2.84 2.29545 -0.986926 1.60524
2.845 2.28756 -0.975833 1.6164
2.85 2.27971 -0.964703 1.6274
2.855 2.2719 -0.953538 1.63823
2.86 2.26413 -0.942338 1.6489
2.865 2.25641 -0.931105 1.6594
2.87 2.24873 -0.91984 1.66974
2.875 2.2411 -0.908546 1.67992
2.88 2.23352 -0.897222 1.68994
2.885 2.22599 -0.885871 1.6998
2.89 2.21851 -0.874493 1.7095
2.895 2.21109 -0.86309 1.71905
2.9 2.20373 -0.851663 1.72843
2.905 2.19643 -0.840214 1.73766
2.91 2.1892 -0.828742 1.74673
2.915 2.18202 -0.817249 1.75564
2.92 2.17491 -0.805737 1.76441
2.925 2.16787 -0.794206 1.77302
2.93 2.1609 -0.782657 1.78147
2.935 2.154 -0.771092 1.78978
2.94 2.14717 -0.75951 1.79793
2.945 2.14042 -0.747914 1.80593
2.95 2.13374 -0.736303 1.81379
2.955 2.12714 -0.72468 1.8215
2.96 2.12062 -0.713043 1.82906
2.965 2.11418 -0.701395 1.83647
2.97 2.10782 -0.689737 1.84374
2.975 2.10155 -0.678068 1.85087
2.98 2.09536 -0.666389 1.85785
2.985 2.08925 -0.654702 1.86469
2.99 2.08324 -0.643006 1.87139
2.995 2.07731 -0.631303 1.87794
3 2.07147 -0.619593 1.88436
3.005 2.06572 -0.607876 1.89064
3.01 2.06007 -0.596154 1.89678
3.015 2.05451 -0.584426 1.90278
3.02 2.04904 -0.572693 1.90865
3.025 2.04368 -0.560956 1.91438
3.03 2.0384 -0.549215 1.91998
3.035 2.03323 -0.53747 1.92544
3.04 2.02815 -0.525722 1.93077
3.045 2.02318 -0.513972 1.93597
3.05 2.0183 -0.502219 1.94104
3.055 2.01353 -0.490464 1.94598
3.06 2.00886 -0.478708 1.95079
3.065 2.0043 -0.46695 1.95547
3.07 1.99984 -0.455191 1.96002
3.075 1.99548 -0.44343 1.96444
3.08 1.99123 -0.43167 1.96874
3.085 1.98709 -0.419909 1.97291
3.09 1.98305 -0.408148 1.97696
3.095 1.97913 -0.396386 1.98088
3.1 1.97531 -0.384625 1.98468
3.105 1.9716 -0.372864 1.98836
3.11 1.96801 -0.361104 1.99191
3.115 1.96452 -0.349344 1.99534
3.12 1.96115 -0.337585 1.99865
3.125 1.95789 -0.325827 2.00184
3.13 1.95474 -0.31407 2.00491
3.135 1.9517 -0.302314 2.00786
3.14 1.94878 -0.290559 2.01069
3.145 1.94598 -0.278804 2.01341
3.15 1.94329 -0.267051 2.016
3.155 1.94071 -0.2553 2.01848
3.16 1.93825 -0.243549 2.02084
3.165 1.9359 -0.2318 2.02308
3.17 1.93367 -0.220051 2.02521
3.175 1.93156 -0.208304 2.02722
3.18 1.92957 -0.196558 2.02912
3.185 1.92769 -0.184813 2.0309
3.19 1.92593 -0.17307 2.03257
3.195 1.92429 -0.161327 2.03412
3.2 1.92277 -0.149585 2.03556
3.205 1.92137 -0.137844 2.03688
3.21 1.92008 -0.126104 2.03809
3.215 1.91892 -0.114365 2.03919
3.22 1.91787 -0.102627 2.04017
3.225 1.91694 -0.0908894 2.04104
3.23 1.91613 -0.0791523 2.0418
3.235 1.91544 -0.0674157 2.04245
3.24 1.91488 -0.0556795 2.04298
3.245 1.91443 -0.0439437 2.0434
3.25 1.9141 -0.0322081 2.04371
3.255 1.91389 -0.0204727 2.0439
3.26 1.9138 -0.00873739 2.04399
3.265 1.91383 0.00299799 2.04396
3.27 1.91398 0.0147335 2.04382
3.275 1.91425 0.0264692 2.04357
3.28 1.91464 0.0382051 2.0432
3.285 1.91515 0.0499415 2.04272
3.29 1.91578 0.0616783 2.04213
3.295 1.91653 0.0734157 2.04143
3.3 1.9174 0.0851537 2.04061
3.305 1.91839 0.0968924 2.03968
3.31 1.91949 0.108632 2.03864
3.315 1.92072 0.120372 2.03748
3.32 1.92207 0.132113 2.03621
3.325 1.92353 0.143856 2.03483
3.33 1.92511 0.155599 2.03333
3.335 1.92681 0.167343 2.03172
3.34 1.92863 0.179088 2.02999
3.345 1.93056 0.190835 2.02815
3.35 1.93262 0.202582 2.02619
3.355 1.93479 0.214331 2.02412
3.36 1.93707 0.226081 2.02193
3.365 1.93947 0.237832 2.01962
3.37 1.94199 0.249584 2.0172
3.375 1.94462 0.261337 2.01466
3.38 1.94737 0.273092 2.012
3.385 1.95023 0.284847 2.00922
3.39 1.95321 0.296603 2.00633
3.395 1.9563 0.30836 2.00331
3.4 1.9595 0.320118 2.00017
3.405 1.96281 0.331877 1.99692
3.41 1.96624 0.343636 1.99354
3.415 1.96977 0.355396 1.99004
3.42 1.97342 0.367156 1.98641
3.425 1.97718 0.378916 1.98267
3.43 1.98104 0.390677 1.9788
3.435 1.98501 0.402437 1.9748
3.44 1.9891 0.414196 1.97069
3.445 1.99328 0.425955 1.96644
3.45 1.99758 0.437714 1.96207
3.455 2.00198 0.449471 1.95757
3.46 2.00648 0.461226 1.95294
3.465 2.01109 0.47298 1.94819
3.47 2.0158 0.484732 1.9433
3.475 2.02061 0.496482 1.93828
3.48 2.02552 0.508228 1.93314
3.485 2.03053 0.519972 1.92786
3.49 2.03565 0.531712 1.92245
3.495 2.04085 0.543449 1.9169
3.5 2.04616 0.555181 1.91122
3.505 2.05156 0.566908 1.90541
3.51 2.05706 0.57863 1.89945
3.515 2.06264 0.590346 1.89337
3.52 2.06833 0.602055 1.88714
3.525 2.0741 0.613758 1.88077
3.53 2.07996 0.625453 1.87427
3.535 2.08591 0.63714 1.86762
3.54 2.09194 0.648819 1.86084
3.545 2.09807 0.660488 1.85391
3.55 2.10427 0.672146 1.84684
3.555 2.11056 0.683794 1.83962
3.56 2.11693 0.695431 1.83226
3.565 2.12339 0.707055 1.82475
3.57 2.12991 0.718665 1.8171
3.575 2.13652 0.730262 1.8093
3.58 2.1432 0.741844 1.80135
3.585 2.14996 0.75341 1.79325
3.59 2.15679 0.76496 1.785
3.595 2.16368 0.776492 1.7766
3.6 2.17065 0.788006 1.76805
3.605 2.17768 0.799499 1.75934
3.61 2.18478 0.810973 1.75048
3.615 2.19194 0.822424 1.74147
3.62 2.19916 0.833853 1.7323
3.625 2.20645 0.845258 1.72298
3.63 2.21378 0.856638 1.7135
3.635 2.22118 0.867992 1.70386
3.64 2.22863 0.879318 1.69406
3.645 2.23613 0.890616 1.6841
3.65 2.24368 0.901883 1.67398
3.655 2.25127 0.91312 1.6637
3.66 2.25891 0.924323 1.65326
3.665 2.2666 0.935493 1.64266
3.67 2.27432 0.946627 1.6319
3.675 2.28208 0.957725 1.62097
3.68 2.28988 0.968784 1.60988
3.685 2.29771 0.979804 1.59862
3.69 2.30557 0.990782 1.5872
3.695 2.31347 1.00172 1.57561
3.7 2.32138 1.01261 1.56386
3.705 2.32933 1.02345 1.55194
3.71 2.33729 1.03425 1.53985
3.715 2.34527 1.045 1.5276
3.72 2.35327 1.0557 1.51518
3.725 2.36128 1.06634 1.50259
3.73 2.3693 1.07693 1.48983
3.735 2.37733 1.08746 1.4769
3.74 2.38537 1.09794 1.46381
3.745 2.39341 1.10835 1.45054
3.75 2.40144 1.11871 1.43711
3.755 2.40948 1.129 1.42351
3.76 2.41751 1.13922 1.40974
3.765 2.42553 1.14938 1.3958
3.77 2.43354 1.15946 1.38169
3.775 2.44154 1.16948 1.36742
3.78 2.44952 1.17942 1.35297
3.785 2.45747 1.18929 1.33836
3.79 2.46541 1.19908 1.32358
3.795 2.47332 1.20879 1.30863
3.8 2.4812 1.21842 1.29351
3.805 2.48905 1.22796 1.27823
3.81 2.49686 1.23742 1.26278
3.815 2.50464 1.24679 1.24717
3.82 2.51237 1.25607 1.23139
3.825 2.52006 1.26526 1.21545
3.83 2.5277 1.27436 1.19934
3.835 2.53529 1.28335 1.18307
3.84 2.54283 1.29225 1.16664
3.845 2.55031 1.30105 1.15005
3.85 2.55773 1.30975 1.1333
3.855 2.56509 1.31834 1.11639
3.86 2.57238 1.32682 1.09933
3.865 2.57961 1.3352 1.08211
3.87 2.58676 1.34346 1.06473
3.875 2.59384 1.35161 1.0472
3.88 2.60084 1.35964 1.02952
3.885 2.60775 1.36756 1.01169
3.89 2.61459 1.37535 0.993709
3.895 2.62133 1.38302 0.975582
3.9 2.62799 1.39057 0.95731
3.905 2.63455 1.39799 0.938894
3.91 2.64102 1.40528 0.920337
3.915 2.64739 1.41244 0.901641
3.92 2.65365 1.41947 0.882807
3.925 2.65981 1.42637 0.863838
3.93 2.66587 1.43312 0.844735
3.935 2.67181 1.43974 0.825502
3.94 2.67764 1.44621 0.806139
3.945 2.68335 1.45255 0.786651
3.95 2.68895 1.45873 0.767039
3.955 2.69442 1.46477 0.747305
3.96 2.69977 1.47067 0.727453
3.965 2.70499 1.47641 0.707484
3.97 2.71009 1.482 0.687403
3.975 2.71505 1.48743 0.667211
3.98 2.71988 1.49271 0.646911
3.985 2.72457 1.49783 0.626506
3.99 2.72912 1.50279 0.605999
3.995 2.73353 1.50759 0.585394
4 2.7378 1.51223 0.564693
4.005 2.74193 1.5167 0.5439
4.01 2.74591 1.52101 0.523017
4.015 2.74973 1.52515 0.502048
4.02 2.75341 1.52913 0.480996
4.025 2.75694 1.53293 0.459866
4.03 2.76031 1.53656 0.438659
4.035 2.76352 1.54002 0.417379
4.04 2.76658 1.54331 0.396031
4.045 2.76947 1.54642 0.374617
4.05 2.77221 1.54936 0.353141
4.055 2.77478 1.55212 0.331607
4.06 2.77719 1.5547 0.310019
4.065 2.77944 1.55711 0.288379
4.07 2.78152 1.55933 0.266693
4.075 2.78343 1.56138 0.244963
4.08 2.78517 1.56324 0.223193
4.085 2.78675 1.56493 0.201388
4.09 2.78816 1.56643 0.179551
4.095 2.78939 1.56775 0.157685
4.1 2.79046 1.56889 0.135796
4.105 2.79135 1.56984 0.113886
4.11 2.79207 1.57061 0.0919595
4.115 2.79262 1.5712 0.0700207
4.12 2.793 1.5716 0.0480734
4.125 2.79321 1.57182 0.0261213
4.13 2.79324 1.57185 0.00416849
4.135 2.7931 1.5717 -0.0177811
4.14 2.79279 1.57137 -0.0397237
4.145 2.7923 1.57085 -0.0616552
4.15 2.79165 1.57015 -0.0835718
4.155 2.79082 1.56927 -0.10547
4.16 2.78982 1.56821 -0.127345
4.165 2.78865 1.56696 -0.149193
4.17 2.78731 1.56553 -0.171011
4.175 2.78581 1.56392 -0.192795
4.18 2.78413 1.56212 -0.214541
4.185 2.78229 1.56015 -0.236245
4.19 2.78028 1.558 -0.257903
4.195 2.7781 1.55567 -0.279512
4.2 2.77577 1.55316 -0.301068
4.205 2.77327 1.55048 -0.322568
4.21 2.7706 1.54762 -0.344007
4.215 2.76778 1.54459 -0.365382
4.22 2.7648 1.54138 -0.386691
4.225 2.76166 1.538 -0.407928
4.23 2.75837 1.53445 -0.429091
4.235 2.75493 1.53073 -0.450176
4.24 2.75133 1.52684 -0.47118
4.245 2.74758 1.52278 -0.4921
4.25 2.74369 1.51856 -0.512932
4.255 2.73965 1.51418 -0.533674
4.26 2.73546 1.50963 -0.554321
4.265 2.73114 1.50492 -0.574872
4.27 2.72667 1.50005 -0.595323
4.275 2.72207 1.49502 -0.615671
4.28 2.71733 1.48984 -0.635912
4.285 2.71246 1.4845 -0.656046
4.29 2.70746 1.47901 -0.676067
4.295 2.70234 1.47336 -0.695975
4.3 2.69709 1.46757 -0.715766
4.305 2.69171 1.46163 -0.735437
4.31 2.68622 1.45555 -0.754987
4.315 2.6806 1.44932 -0.774412
4.32 2.67488 1.44295 -0.793711
4.325 2.66904 1.43644 -0.81288
4.33 2.66309 1.4298 -0.831919
4.335 2.65704 1.42301 -0.850824
4.34 2.65088 1.4161 -0.869593
4.345 2.64462 1.40905 -0.888226
4.35 2.63827 1.40188 -0.906718
4.355 2.63182 1.39457 -0.925069
4.36 2.62528 1.38714 -0.943278
4.365 2.61864 1.37959 -0.961341
4.37 2.61193 1.37192 -0.979258
4.375 2.60513 1.36413 -0.997026
4.38 2.59825 1.35622 -1.01465
4.385 2.59129 1.34819 -1.03211
4.39 2.58426 1.34006 -1.04943
4.395 2.57715 1.33181 -1.06659
4.4 2.56998 1.32346 -1.0836
4.405 2.56275 1.315 -1.10045
4.41 2.55545 1.30643 -1.11714
4.415 2.5481 1.29776 -1.13367
4.42 2.54068 1.289 -1.15005
4.425 2.53322 1.28014 -1.16626
4.43 2.5257 1.27118 -1.18231
4.435 2.51814 1.26213 -1.19821
4.44 2.51054 1.25298 -1.21393
4.445 2.50289 1.24375 -1.2295
4.45 2.49521 1.23443 -1.2449
4.455 2.48749 1.22503 -1.26014
4.46 2.47974 1.21554 -1.27521
4.465 2.47196 1.20597 -1.29011
4.47 2.46415 1.19633 -1.30485
4.475 2.45633 1.18661 -1.31943
4.48 2.44848 1.17681 -1.33383
4.485 2.44061 1.16694 -1.34807
4.49 2.43273 1.157 -1.36215
4.495 2.42484 1.14699 -1.37605
4.5 2.41694 1.13691 -1.38979
4.505 2.40903 1.12677 -1.40336
4.51 2.40112 1.11656 -1.41677
4.515 2.39321 1.10629 -1.43001
4.52 2.38531 1.09597 -1.44308
4.525 2.3774 1.08558 -1.45598
4.53 2.36951 1.07514 -1.46872
4.535 2.36162 1.06465 -1.48129
4.54 2.35375 1.0541 -1.4937
4.545 2.34589 1.0435 -1.50594
4.55 2.33805 1.03286 -1.51801
4.555 2.33023 1.02216 -1.52992
4.56 2.32244 1.01142 -1.54167
4.565 2.31467 1.00063 -1.55325
4.57 2.30692 0.989804 -1.56466
4.575 2.29921 0.978934 -1.57592
4.58 2.29153 0.968024 -1.58701
4.585 2.28388 0.957076 -1.59794
4.59 2.27627 0.94609 -1.60871
4.595 2.2687 0.935069 -1.61931
4.6 2.26117 0.924013 -1.62976
4.605 2.25369 0.912925 -1.64005
4.61 2.24624 0.901805 -1.65017
4.615 2.23885 0.890654 -1.66014
4.62 2.23151 0.879475 -1.66996
4.625 2.22422 0.868267 -1.67961
4.63 2.21698 0.857033 -1.68911
4.635 2.2098 0.845773 -1.69846
4.64 2.20267 0.834489 -1.70765
4.645 2.1956 0.823182 -1.71669
4.65 2.1886 0.811852 -1.72557
4.655 2.18166 0.800501 -1.7343
4.66 2.17478 0.78913 -1.74288
4.665 2.16797 0.77774 -1.75131
4.67 2.16123 0.766331 -1.75959
4.675 2.15456 0.754905 -1.76773
4.68 2.14796 0.743462 -1.77571
4.685 2.14143 0.732004 -1.78355
4.69 2.13498 0.720532 -1.79124
4.695 2.1286 0.709045 -1.79879
4.7 2.1223 0.697545 -1.80619
4.705 2.11608 0.686033 -1.81345
4.71 2.10994 0.674509 -1.82056
4.715 2.10388 0.662974 -1.82754
4.72 2.09791 0.651429 -1.83437
4.725 2.09201 0.639875 -1.84106
4.73 2.08621 0.628311 -1.84762
4.735 2.08049 0.616739 -1.85403
4.74 2.07486 0.60516 -1.86031
4.745 2.06932 0.593573 -1.86645
4.75 2.06388 0.581979 -1.87246
4.755 2.05852 0.570379 -1.87833
4.76 2.05326 0.558774 -1.88407
4.765 2.04809 0.547163 -1.88967
4.77 2.04301 0.535548 -1.89514
4.775 2.03803 0.523928 -1.90048
4.78 2.03315 0.512305 -1.90569
4.785 2.02837 0.500677 -1.91076
4.79 2.02368 0.489047 -1.91571
4.795 2.0191 0.477414 -1.92053
4.8 2.01462 0.465778 -1.92522
4.805 2.01023 0.45414 -1.92979
4.81 2.00595 0.4425 -1.93423
4.815 2.00178 0.430858 -1.93854
4.82 1.99771 0.419215 -1.94273
4.825 1.99374 0.407571 -1.94679
4.83 1.98988 0.395926 -1.95073
4.835 1.98612 0.38428 -1.95455
4.84 1.98247 0.372634 -1.95824
4.845 1.97893 0.360987 -1.96181
4.85 1.9755 0.34934 -1.96526
4.855 1.97218 0.337693 -1.96859
4.86 1.96896 0.326045 -1.9718
4.865 1.96586 0.314398 -1.97489
4.87 1.96286 0.302752 -1.97786
4.875 1.95998 0.291105 -1.98072
4.88 1.95721 0.279459 -1.98345
4.885 1.95455 0.267813 -1.98607
4.89 1.952 0.256168 -1.98857
4.895 1.94957 0.244524 -1.99095
4.9 1.94725 0.23288 -1.99322
4.905 1.94504 0.221237 -1.99537
4.91 1.94295 0.209594 -1.99741
4.915 1.94097 0.197952 -1.99933
4.92 1.9391 0.186311 -2.00113
4.925 1.93735 0.174671 -2.00283
4.93 1.93572 0.163031 -2.0044
4.935 1.9342 0.151391 -2.00587
4.94 1.9328 0.139753 -2.00722
4.945 1.93151 0.128115 -2.00846
4.95 1.93034 0.116477 -2.00958
4.955 1.92929 0.10484 -2.01059
4.96 1.92835 0.0932035 -2.01149
4.965 1.92753 0.0815674 -2.01228
4.97 1.92683 0.0699316 -2.01295
4.975 1.92624 0.0582961 -2.01351
4.98 1.92577 0.0466608 -2.01396
4.985 1.92542 0.0350257 -2.0143
4.99 1.92518 0.0233907 -2.01452
4.995 1.92506 0.0117558 -2.01464
5 1.92506 0.00012093 -2.01464
5.005 1.92518 -0.011514 -2.01453
5.01 1.92541 -0.0231491 -2.0143
5.015 1.92576 -0.0347844 -2.01397
5.02 1.92623 -0.0464199 -2.01352
5.025 1.92681 -0.0580557 -2.01296
5.03 1.92751 -0.0696918 -2.01229
5.035 1.92833 -0.0813284 -2.01151
5.04 1.92927 -0.0929654 -2.01061
5.045 1.93032 -0.104603 -2.0096
5.05 1.93148 -0.116241 -2.00848
5.055 1.93277 -0.12788 -2.00724
5.06 1.93417 -0.139519 -2.00589
5.065 1.93568 -0.151159 -2.00443
5.07 1.93731 -0.162799 -2.00285
5.075 1.93906 -0.17444 -2.00116
5.08 1.94092 -0.186082 -1.99936
5.085 1.94289 -0.197724 -1.99744
5.09 1.94498 -0.209367 -1.9954
5.095 1.94718 -0.221011 -1.99325
5.1 1.9495 -0.232655 -1.99098
5.105 1.95193 -0.2443 -1.9886
5.11 1.95447 -0.255945 -1.98609
5.115 1.95712 -0.267591 -1.98348
5.12 1.95989 -0.279237 -1.98074
5.125 1.96277 -0.290883 -1.97788
5.13 1.96575 -0.30253 -1.97491
5.135 1.96885 -0.314177 -1.97182
5.14 1.97206 -0.325823 -1.96861
5.145 1.97537 -0.33747 -1.96527
5.15 1.9788 -0.349116 -1.96182
5.155 1.98233 -0.360762 -1.95824
5.16 1.98597 -0.372407 -1.95454
5.165 1.98972 -0.384051 -1.95072
5.17 1.99357 -0.395694 -1.94678
5.175 1.99753 -0.407336 -1.94271
5.18 2.00159 -0.418976 -1.93852
5.185 2.00575 -0.430615 -1.9342
5.19 2.01002 -0.442251 -1.92975
5.195 2.01439 -0.453885 -1.92518
5.2 2.01886 -0.465517 -1.92048
5.205 2.02343 -0.477145 -1.91566
5.21 2.0281 -0.488771 -1.9107
5.215 2.03286 -0.500392 -1.90561
5.22 2.03773 -0.51201 -1.9004
5.225 2.04269 -0.523623 -1.89505
5.23 2.04775 -0.535231 -1.88957
5.235 2.0529 -0.546834 -1.88396
5.24 2.05814 -0.55843 -1.87821
5.245 2.06348 -0.570021 -1.87233
5.25 2.06891 -0.581605 -1.86631
5.255 2.07442 -0.593181 -1.86016
5.26 2.08003 -0.604749 -1.85387
5.265 2.08572 -0.616309 -1.84744
5.27 2.0915 -0.62786 -1.84088
5.275 2.09737 -0.6394 -1.83417
5.28 2.10331 -0.650931 -1.82733
5.285 2.10934 -0.66245 -1.82034
5.29 2.11545 -0.673957 -1.81321
5.295 2.12164 -0.685452 -1.80594
5.3 2.12791 -0.696933 -1.79852
5.305 2.13425 -0.7084 -1.79097
5.31 2.14067 -0.719852 -1.78326
5.315 2.14716 -0.731289 -1.77541
5.32 2.15373 -0.742708 -1.76741
5.325 2.16036 -0.75411 -1.75927
5.33 2.16706 -0.765493 -1.75097
5.335 2.17383 -0.776857 -1.74253
5.34 2.18066 -0.788201 -1.73393
5.345 2.18756 -0.799523 -1.72519
5.35 2.19452 -0.810822 -1.71629
5.355 2.20154 -0.822097 -1.70724
5.36 2.20861 -0.833348 -1.69804
5.365 2.21574 -0.844573 -1.68868
5.37 2.22293 -0.855771 -1.67917
5.375 2.23016 -0.866941 -1.6695
5.38 2.23745 -0.878082 -1.65968
5.385 2.24478 -0.889191 -1.6497
5.39 2.25216 -0.900269 -1.63956
5.395 2.25959 -0.911313 -1.62927
5.4 2.26705 -0.922323 -1.61881
5.405 2.27456 -0.933297 -1.6082
5.41 2.2821 -0.944234 -1.59742
5.415 2.28968 -0.955131 -1.58649
5.42 2.29729 -0.965989 -1.57539
5.425 2.30493 -0.976804 -1.56414
5.43 2.31259 -0.987577 -1.55272
5.435 2.32028 -0.998304 -1.54113
5.44 2.328 -1.00899 -1.52939
5.445 2.33574 -1.01962 -1.51748
5.45 2.34349 -1.0302 -1.50541
5.455 2.35126 -1.04074 -1.49318
5.46 2.35904 -1.05121 -1.48078
5.465 2.36684 -1.06164 -1.46821
5.47 2.37464 -1.07201 -1.45548
5.475 2.38245 -1.08232 -1.44259
5.48 2.39026 -1.09257 -1.42953
5.485 2.39806 -1.10276 -1.41631
5.49 2.40587 -1.11289 -1.40292
5.495 2.41367 -1.12295 -1.38937
5.5 2.42146 -1.13294 -1.37566
5.505 2.42925 -1.14286 -1.36177
5.51 2.43701 -1.15272 -1.34773
5.515 2.44477 -1.1625 -1.33352
5.52 2.4525 -1.1722 -1.31914
5.525 2.46021 -1.18183 -1.30461
5.53 2.46789 -1.19138 -1.28991
5.535 2.47555 -1.20085 -1.27504
5.54 2.48317 -1.21024 -1.26002
5.545 2.49076 -1.21954 -1.24483
5.55 2.49831 -1.22875 -1.22948
5.555 2.50583 -1.23788 -1.21397
5.56 2.5133 -1.24691 -1.1983
5.565 2.52072 -1.25586 -1.18247
5.57 2.5281 -1.2647 -1.16648
5.575 2.53542 -1.27345 -1.15034
5.58 2.54269 -1.2821 -1.13404
5.585 2.54991 -1.29065 -1.11759
5.59 2.55706 -1.2991 -1.10098
5.595 2.56415 -1.30744 -1.08421
5.6 2.57117 -1.31567 -1.0673
5.605 2.57812 -1.32379 -1.05024
5.61 2.585 -1.33181 -1.03302
5.615 2.5918 -1.3397 -1.01566
5.62 2.59853 -1.34748 -0.998153
5.625 2.60517 -1.35515 -0.980501
5.63 2.61173 -1.36269 -0.962706
5.635 2.6182 -1.37011 -0.94477
5.64 2.62458 -1.37741 -0.926695
5.645 2.63087 -1.38458 -0.908482
5.65 2.63707 -1.39162 -0.890133
5.655 2.64316 -1.39853 -0.87165
5.66 2.64915 -1.40531 -0.853035
5.665 2.65504 -1.41196 -0.834291
5.67 2.66083 -1.41847 -0.81542
5.675 2.6665 -1.42484 -0.796423
5.68 2.67206 -1.43107 -0.777304
5.685 2.67751 -1.43716 -0.758064
5.69 2.68284 -1.4431 -0.738706
5.695 2.68805 -1.4489 -0.719232
5.7 2.69314 -1.45455 -0.699645
5.705 2.6981 -1.46006 -0.679949
5.71 2.70294 -1.46541 -0.660144
5.715 2.70765 -1.47061 -0.640234
5.72 2.71222 -1.47566 -0.620223
5.725 2.71667 -1.48055 -0.600112
5.73 2.72097 -1.48528 -0.579905
5.735 2.72514 -1.48986 -0.559605
5.74 2.72917 -1.49427 -0.539214
5.745 2.73306 -1.49853 -0.518736
5.75 2.7368 -1.50262 -0.498174
5.755 2.7404 -1.50654 -0.477532
5.76 2.74385 -1.5103 -0.456811
5.765 2.74715 -1.5139 -0.436017
5.77 2.7503 -1.51732 -0.415152
5.775 2.75329 -1.52058 -0.394219
5.78 2.75614 -1.52366 -0.373221
5.785 2.75883 -1.52658 -0.352164
5.79 2.76136 -1.52932 -0.331049
5.795 2.76373 -1.53189 -0.30988
5.8 2.76595 -1.53429 -0.288661
5.805 2.768 -1.53651 -0.267396
5.81 2.76989 -1.53855 -0.246088
5.815 2.77162 -1.54042 -0.224741
5.82 2.77319 -1.54211 -0.203358
5.825 2.7746 -1.54363 -0.181943
5.83 2.77584 -1.54496 -0.1605
5.835 2.77691 -1.54612 -0.139033
5.84 2.77782 -1.5471 -0.117545
5.845 2.77856 -1.5479 -0.0960405
5.85 2.77914 -1.54852 -0.0745227
5.855 2.77955 -1.54896 -0.0529956
5.86 2.77979 -1.54923 -0.031463
5.865 2.77987 -1.54931 -0.00992857
5.87 2.77978 -1.54921 0.0116038
5.875 2.77952 -1.54894 0.0331303
5.88 2.7791 -1.54848 0.0546472
5.885 2.77851 -1.54785 0.0761508
5.89 2.77776 -1.54703 0.0976372
5.895 2.77684 -1.54604 0.119103
5.9 2.77575 -1.54487 0.140544
5.905 2.7745 -1.54352 0.161956
5.91 2.77309 -1.542 0.183336
5.915 2.77151 -1.54029 0.204681
5.92 2.76977 -1.53842 0.225987
5.925 2.76787 -1.53636 0.247249
5.93 2.76581 -1.53414 0.268464
5.935 2.7636 -1.53173 0.28963
5.94 2.76122 -1.52916 0.310742
5.945 2.75869 -1.52641 0.331796
5.95 2.756 -1.5235 0.35279
5.955 2.75316 -1.52041 0.37372
5.96 2.75017 -1.51716 0.394582
5.965 2.74702 -1.51373 0.415373
5.97 2.74373 -1.51014 0.43609
5.975 2.74029 -1.50639 0.45673
5.98 2.7367 -1.50247 0.477289
5.985 2.73297 -1.49839 0.497764
5.99 2.7291 -1.49415 0.518153
5.995 2.72509 -1.48974 0.538451
6 2.72094 -1.48518 0.558657
6.005 2.71666 -1.48047 0.578766
6.01 2.71224 -1.47559 0.598777
6.015 2.70769 -1.47057 0.618686
6.02 2.70301 -1.46539 0.638491
6.025 2.69821 -1.46006 0.658189
6.03 2.69328 -1.45459 0.677777
6.035 2.68823 -1.44896 0.697253
6.04 2.68306 -1.4432 0.716614
6.045 2.67777 -1.43728 0.735857
6.05 2.67237 -1.43123 0.754981
6.055 2.66685 -1.42504 0.773983
6.06 2.66123 -1.41871 0.792861
6.065 2.6555 -1.41224 0.811612
6.07 2.64966 -1.40564 0.830234
6.075 2.64373 -1.39891 0.848726
6.08 2.63769 -1.39205 0.867085
6.085 2.63156 -1.38506 0.885309
6.09 2.62534 -1.37795 0.903397
6.095 2.61902 -1.37071 0.921347
6.1 2.61262 -1.36335 0.939156
6.105 2.60613 -1.35587 0.956824
6.11 2.59956 -1.34827 0.974349
6.115 2.59292 -1.34055 0.991728
6.12 2.58619 -1.33273 1.00896
6.125 2.5794 -1.32479 1.02605
6.13 2.57253 -1.31674 1.04298
6.135 2.5656 -1.30858 1.05977
6.14 2.5586 -1.30032 1.07641
6.145 2.55154 -1.29195 1.09289
6.15 2.54442 -1.28348 1.10922
6.155 2.53725 -1.27492 1.12539
6.16 2.53002 -1.26626 1.14141
6.165 2.52274 -1.2575 1.15727
6.17 2.51542 -1.24865 1.17297
6.175 2.50805 -1.2397 1.18852
6.18 2.50064 -1.23067 1.20391
6.185 2.4932 -1.22155 1.21914
6.19 2.48572 -1.21235 1.2342
6.195 2.4782 -1.20306 1.24911
6.2 2.47066 -1.19369 1.26386
6.205 2.46309 -1.18425 1.27844
6.21 2.4555 -1.17472 1.29286
6.215 2.44788 -1.16512 1.30712
6.22 2.44025 -1.15545 1.32122
6.225 2.4326 -1.14571 1.33516
6.23 2.42494 -1.1359 1.34893
6.235 2.41727 -1.12601 1.36254
6.24 2.40959 -1.11607 1.37599
6.245 2.40191 -1.10606 1.38927
6.25 2.39422 -1.09598 1.40239
6.255 2.38654 -1.08585 1.41535
6.26 2.37886 -1.07566 1.42814
6.265 2.37118 -1.06541 1.44077
6.27 2.36351 -1.05511 1.45324
6.275 2.35586 -1.04475 1.46555
6.28 2.34822 -1.03434 1.47769
6.285 2.34059 -1.02388 1.48967
6.29 2.33298 -1.01337 1.50149
6.295 2.32539 -1.00281 1.51315
6.3 2.31783 -0.992211 1.52465
6.305 2.31029 -0.981566 1.53599
6.31 2.30278 -0.970877 1.54717
6.315 2.2953 -0.960148 1.55819
6.32 2.28785 -0.949378 1.56905
6.325 2.28044 -0.938571 1.57975
6.33 2.27306 -0.927726 1.5903
6.335 2.26572 -0.916846 1.60068
6.34 2.25843 -0.905932 1.61091
6.345 2.25117 -0.894984 1.62099
6.35 2.24397 -0.884005 1.6309
6.355 2.2368 -0.872996 1.64067
6.36 2.22969 -0.861957 1.65028
6.365 2.22263 -0.85089 1.65973
6.37 2.21562 -0.839796 1.66904
6.375 2.20867 -0.828677 1.67819
6.38 2.20177 -0.817532 1.68719
6.385 2.19493 -0.806364 1.69604
6.39 2.18816 -0.795173 1.70474
6.395 2.18144 -0.783961 1.71329
6.4 2.17479 -0.772728 1.72169
6.405 2.1682 -0.761475 1.72995
6.41 2.16168 -0.750204 1.73805
6.415 2.15523 -0.738915 1.74602
6.42 2.14885 -0.727609 1.75383
6.425 2.14254 -0.716286 1.76151
6.43 2.13631 -0.704949 1.76904
6.435 2.13015 -0.693597 1.77643
6.44 2.12406 -0.682231 1.78367
6.445 2.11806 -0.670852 1.79078
6.45 2.11213 -0.659461 1.79774
6.455 2.10628 -0.648058 1.80456
6.46 2.10051 -0.636644 1.81125
6.465 2.09483 -0.62522 1.8178
6.47 2.08923 -0.613787 1.82421
6.475 2.08372 -0.602344 1.83049
6.48 2.07829 -0.590893 1.83663
6.485 2.07296 -0.579434 1.84263
6.49 2.06771 -0.567967 1.84851
6.495 2.06255 -0.556494 1.85424
6.5 2.05748 -0.545014 1.85985
6.505 2.0525 -0.533528 1.86533
6.51 2.04762 -0.522037 1.87067
6.515 2.04283 -0.510541 1.87589
6.52 2.03814 -0.49904 1.88097
6.525 2.03354 -0.487534 1.88593
6.53 2.02904 -0.476025 1.89076
6.535 2.02464 -0.464512 1.89546
6.54 2.02034 -0.452996 1.90004
6.545 2.01613 -0.441477 1.90449
6.55 2.01203 -0.429955 1.90881
6.555 2.00803 -0.418431 1.91301
6.56 2.00412 -0.406905 1.91709
6.565 2.00033 -0.395377 1.92104
6.57 1.99663 -0.383847 1.92488
6.575 1.99304 -0.372315 1.92859
6.58 1.98956 -0.360783 1.93218
6.585 1.98618 -0.349249 1.93564
6.59 1.9829 -0.337715 1.93899
6.595 1.97974 -0.32618 1.94222
6.6 1.97667 -0.314644 1.94533
6.605 1.97372 -0.303107 1.94832
6.61 1.97088 -0.291571 1.9512
6.615 1.96814 -0.280034 1.95395
6.62 1.96552 -0.268497 1.95659
6.625 1.963 -0.256959 1.95911
6.63 1.96059 -0.245422 1.96152
6.635 1.95829 -0.233885 1.96381
6.64 1.95611 -0.222348 1.96598
6.645 1.95403 -0.210811 1.96804
6.65 1.95207 -0.199275 1.96999
6.655 1.95022 -0.187738 1.97182
6.66 1.94848 -0.176202 1.97353
6.665 1.94686 -0.164666 1.97514
6.67 1.94534 -0.15313 1.97663
6.675 1.94394 -0.141595 1.978
6.68 1.94265 -0.13006 1.97927
6.685 1.94148 -0.118525 1.98042
6.69 1.94042 -0.10699 1.98146
6.695 1.93948 -0.0954561 1.98238
6.7 1.93864 -0.083922 1.98319
6.705 1.93792 -0.0723881 1.9839
6.71 1.93732 -0.0608543 1.98449
6.715 1.93683 -0.0493207 1.98496
6.72 1.93646 -0.0377872 1.98533
6.725 1.9362 -0.0262538 1.98558
6.73 1.93605 -0.0147204 1.98573
6.735 1.93602 -0.00318701 1.98576
6.74 1.9361 0.00834639 1.98568
6.745 1.9363 0.0198799 1.98548
6.75 1.93661 0.0314134 1.98518
6.755 1.93704 0.0429471 1.98476
6.76 1.93758 0.0544809 1.98423
6.765 1.93823 0.0660149 1.9836
6.77 1.939 0.0775491 1.98284
6.775 1.93988 0.0890835 1.98198
6.78 1.94088 0.100618 1.981
6.785 1.94199 0.112153 1.97991
6.79 1.94321 0.123688 1.97871
6.795 1.94455 0.135224 1.9774
6.8 1.946 0.146759 1.97597
6.805 1.94756 0.158295 1.97443
6.81 1.94924 0.169832 1.97277
6.815 1.95103 0.181368 1.971
6.82 1.95293 0.192905 1.96912
6.825 1.95494 0.204441 1.96712
6.83 1.95706 0.215978 1.96501
6.835 1.95929 0.227515 1.96278
6.84 1.96163 0.239052 1.96043
6.845 1.96409 0.250589 1.95797
6.85 1.96665 0.262126 1.9554
6.855 1.96932 0.273662 1.9527
6.86 1.9721 0.285199 1.94989
6.865 1.97499 0.296734 1.94696
6.87 1.97799 0.308269 1.94391
6.875 1.98109 0.319804 1.94074
6.88 1.9843 0.331337 1.93746
6.885 1.98762 0.34287 1.93405
6.89 1.99104 0.354401 1.93052
6.895 1.99456 0.365931 1.92687
6.9 1.99819 0.377459 1.9231
6.905 2.00192 0.388985 1.91921
6.91 2.00576 0.400509 1.91519
6.915 2.0097 0.412031 1.91105
6.92 2.01374 0.42355 1.90678
6.925 2.01787 0.435067 1.90239
6.93 2.02211 0.44658 1.89788
6.935 2.02645 0.45809 1.89324
6.94 2.03088 0.469595 1.88847
6.945 2.03541 0.481097 1.88357
6.95 2.04004 0.492594 1.87855
6.955 2.04476 0.504086 1.87339
6.96 2.04958 0.515572 1.86811
6.965 2.05449 0.527053 1.8627
6.97 2.05949 0.538527 1.85715
6.975 2.06458 0.549995 1.85147
6.98 2.06976 0.561455 1.84566
6.985 2.07503 0.572908 1.83972
6.99 2.08039 0.584352 1.83364
6.995 2.08583 0.595787 1.82743
7 2.09136 0.607212 1.82108
7.005 2.09697 0.618628 1.81459
7.01 2.10267 0.630032 1.80797
7.015 2.10844 0.641426 1.80121
7.02 2.1143 0.652807 1.79431
7.025 2.12024 0.664175 1.78726
7.03 2.12625 0.67553 1.78008
7.035 2.13234 0.68687 1.77276
7.04 2.1385 0.698195 1.76529
7.045 2.14473 0.709505 1.75769
7.05 2.15104 0.720797 1.74993
7.055 2.15742 0.732072 1.74204
7.06 2.16386 0.743328 1.73399
7.065 2.17037 0.754565 1.72581
7.07 2.17695 0.765782 1.71747
7.075 2.18359 0.776977 1.70899
7.08 2.19029 0.78815 1.70036
7.085 2.19705 0.799299 1.69158
7.09 2.20387 0.810424 1.68264
7.095 2.21074 0.821524 1.67356
7.1 2.21767 0.832597 1.66433
7.105 2.22465 0.843642 1.65495
7.11 2.23168 0.854658 1.64541
7.115 2.23876 0.865644 1.63572
7.12 2.24589 0.876598 1.62588
7.125 2.25306 0.88752 1.61588
7.13 2.26027 0.898408 1.60573
7.135 2.26753 0.909261 1.59542
7.14 2.27482 0.920078 1.58495
7.145 2.28215 0.930856 1.57433
7.15 2.28951 0.941596 1.56355
7.155 2.2969 0.952294 1.55261
7.16 2.30432 0.962951 1.54152
7.165 2.31177 0.973564 1.53027
7.17 2.31924 0.984131 1.51885
7.175 2.32674 0.994653 1.50728
7.18 2.33426 1.00513 1.49555
7.185 2.34179 1.01555 1.48366
7.19 2.34934 1.02592 1.47161
7.195 2.3569 1.03624 1.4594
7.2 2.36447 1.0465 1.44703
7.205 2.37205 1.05671 1.43449
7.21 2.37964 1.06686 1.4218
7.215 2.38722 1.07695 1.40894
7.22 2.39481 1.08698 1.39593
7.225 2.40239 1.09695 1.38275
7.23 2.40997 1.10685 1.36942
7.235 2.41754 1.11668 1.35592
7.24 2.4251 1.12645 1.34226
7.245 2.43265 1.13614 1.32844
7.25 2.44018 1.14576 1.31446
7.255 2.44769 1.15531 1.30032
7.26 2.45518 1.16479 1.28602
7.265 2.46264 1.17418 1.27156
7.27 2.47008 1.18349 1.25695
7.275 2.47749 1.19273 1.24217
7.28 2.48487 1.20187 1.22724
7.285 2.4922 1.21094 1.21215
7.29 2.49951 1.21991 1.1969
7.295 2.50676 1.2288 1.1815
7.3 2.51398 1.23759 1.16595
7.305 2.52115 1.24629 1.15024
7.31 2.52826 1.2549 1.13437
7.315 2.53533 1.2634 1.11836
7.32 2.54234 1.27181 1.10219
7.325 2.54929 1.28011 1.08587
7.33 2.55618 1.28831 1.06941
7.335 2.563 1.29641 1.05279
7.34 2.56976 1.3044 1.03603
7.345 2.57645 1.31227 1.01913
7.35 2.58306 1.32004 1.00208
7.355 2.5896 1.32769 0.98489
7.36 2.59606 1.33522 0.967558
7.365 2.60244 1.34264 0.950087
7.37 2.60873 1.34994 0.932479
7.375 2.61494 1.35712 0.914735
7.38 2.62105 1.36417 0.896858
7.385 2.62708 1.37109 0.878848
7.39 2.63301 1.37789 0.860708
7.395 2.63884 1.38456 0.84244
7.4 2.64457 1.3911 0.824045
7.405 2.6502 1.3975 0.805527
7.41 2.65572 1.40377 0.786887
7.415 2.66114 1.40991 0.768127
7.42 2.66644 1.4159 0.74925
7.425 2.67163 1.42175 0.730258
7.43 2.67671 1.42746 0.711153
7.435 2.68167 1.43303 0.691939
7.44 2.68651 1.43845 0.672617
7.445 2.69122 1.44372 0.65319
7.45 2.69581 1.44885 0.633661
7.455 2.70027 1.45382 0.614032
7.46 2.70461 1.45865 0.594307
7.465 2.70881 1.46331 0.574488
7.47 2.71288 1.46783 0.554577
7.475 2.71682 1.47218 0.534579
7.48 2.72061 1.47638 0.514496
7.485 2.72427 1.48042 0.49433
7.49 2.72779 1.4843 0.474086
7.495 2.73117 1.48802 0.453766
7.5 2.7344 1.49158 0.433373
7.505 2.73749 1.49497 0.412911
7.51 2.74043 1.49819 0.392382
7.515 2.74322 1.50125 0.371791
7.52 2.74586 1.50415 0.35114
7.525 2.74835 1.50687 0.330433
7.53 2.75068 1.50943 0.309673
7.535 2.75287 1.51181 0.288864
7.54 2.7549 1.51403 0.268009
7.545 2.75677 1.51607 0.247112
7.55 2.75849 1.51794 0.226176
7.555 2.76005 1.51964 0.205204
7.56 2.76145 1.52117 0.184201
7.565 2.76269 1.52252 0.16317
7.57 2.76377 1.5237 0.142114
7.575 2.76469 1.5247 0.121038
7.58 2.76546 1.52553 0.0999438
7.585 2.76606 1.52618 0.0788362
7.59 2.7665 1.52666 0.0577186
7.595 2.76678 1.52697 0.0365947
7.6 2.7669 1.5271 0.0154681
7.605 2.76685 1.52705 -0.00565745
7.61 2.76665 1.52683 -0.0267784
7.615 2.76628 1.52643 -0.0478911
7.62 2.76576 1.52586 -0.0689918
7.625 2.76507 1.52511 -0.090077
7.63 2.76422 1.52419 -0.111143
7.635 2.76322 1.52309 -0.132186
7.64 2.76205 1.52182 -0.153203
7.645 2.76073 1.52038 -0.17419
7.65 2.75924 1.51876 -0.195143
7.655 2.75761 1.51698 -0.216059
7.66 2.75581 1.51502 -0.236935
7.665 2.75386 1.51289 -0.257766
7.67 2.75176 1.51059 -0.27855
7.675 2.7495 1.50812 -0.299283
7.68 2.74709 1.50548 -0.319961
7.685 2.74453 1.50268 -0.340582
7.69 2.74183 1.49971 -0.361142
7.695 2.73897 1.49657 -0.381637
7.7 2.73597 1.49327 -0.402065
7.705 2.73282 1.48981 -0.422422
7.71 2.72953 1.48618 -0.442705
7.715 2.7261 1.4824 -0.46291
7.72 2.72253 1.47845 -0.483036
7.725 2.71882 1.47435 -0.503079
7.73 2.71498 1.47009 -0.523035
7.735 2.711 1.46567 -0.542902
7.74 2.70689 1.46111 -0.562677
7.745 2.70265 1.45638 -0.582358
7.75 2.69828 1.45151 -0.601941
7.755 2.69378 1.44649 -0.621423
7.76 2.68917 1.44132 -0.640803
7.765 2.68443 1.436 -0.660077
7.77 2.67957 1.43054 -0.679243
7.775 2.67459 1.42494 -0.698299
7.78 2.6695 1.4192 -0.717242
7.785 2.6643 1.41331 -0.736069
7.79 2.65899 1.40729 -0.754779
7.795 2.65357 1.40114 -0.773369
7.8 2.64805 1.39485 -0.791837
7.805 2.64243 1.38842 -0.810181
7.81 2.6367 1.38187 -0.828399
7.815 2.63088 1.37519 -0.846489
7.82 2.62497 1.36838 -0.864449
7.825 2.61896 1.36145 -0.882277
7.83 2.61287 1.35439 -0.899971
7.835 2.60669 1.34722 -0.91753
7.84 2.60042 1.33993 -0.934952
7.845 2.59408 1.33252 -0.952235
7.85 2.58766 1.32499 -0.969378
7.855 2.58116 1.31735 -0.98638
7.86 2.57459 1.3096 -1.00324
7.865 2.56795 1.30175 -1.01995
7.87 2.56125 1.29378 -1.03652
7.875 2.55448 1.28571 -1.05294
7.88 2.54765 1.27754 -1.06922
7.885 2.54076 1.26927 -1.08534
7.89 2.53382 1.2609 -1.10131
7.895 2.52682 1.25243 -1.11714
7.9 2.51977 1.24386 -1.13281
7.905 2.51268 1.23521 -1.14833
7.91 2.50555 1.22646 -1.16369
7.915 2.49837 1.21763 -1.1789
7.92 2.49115 1.2087 -1.19396
7.925 2.4839 1.19969 -1.20886
7.93 2.47662 1.1906 -1.2236
7.935 2.4693 1.18143 -1.23819
7.94 2.46196 1.17218 -1.25262
7.945 2.4546 1.16285 -1.26689
7.95 2.44721 1.15345 -1.281
7.955 2.4398 1.14397 -1.29496
7.96 2.43238 1.13442 -1.30875
7.965 2.42494 1.1248 -1.32239
7.97 2.41749 1.11511 -1.33587
7.975 2.41004 1.10535 -1.34919
7.98 2.40257 1.09553 -1.36235
7.985 2.39511 1.08565 -1.37535
7.99 2.38764 1.07571 -1.38819
7.995 2.38018 1.0657 -1.40088
8 2.37272 1.05564 -1.4134
8.005 2.36526 1.04553 -1.42577
8.01 2.35782 1.03536 -1.43797
8.015 2.35039 1.02513 -1.45002
8.02 2.34297 1.01486 -1.46191
8.025 2.33557 1.00453 -1.47364
8.03 2.32818 0.994157 -1.48521
8.035 2.32082 0.983737 -1.49663
8.04 2.31349 0.973271 -1.50789
8.045 2.30617 0.962762 -1.51899
8.05 2.29889 0.952211 -1.52993
8.055 2.29164 0.941618 -1.54072
8.06 2.28441 0.930987 -1.55135
8.065 2.27723 0.920317 -1.56183
8.07 2.27008 0.90961 -1.57216
8.075 2.26297 0.898868 -1.58233
8.08 2.25589 0.888091 -1.59235
8.085 2.24887 0.877282 -1.60221
8.09 2.24188 0.86644 -1.61192
8.095 2.23495 0.855569 -1.62148
8.1 2.22806 0.844668 -1.63089
8.105 2.22122 0.833738 -1.64015
8.11 2.21444 0.822782 -1.64926
8.115 2.20771 0.811799 -1.65822
8.12 2.20103 0.800791 -1.66704
8.125 2.19441 0.78976 -1.6757
8.13 2.18786 0.778705 -1.68422
8.135 2.18136 0.767629 -1.69259
8.14 2.17493 0.756531 -1.70082
8.145 2.16856 0.745414 -1.7089
8.15 2.16225 0.734277 -1.71684
8.155 2.15602 0.723122 -1.72464
8.16 2.14985 0.71195 -1.73229
8.165 2.14376 0.70076 -1.7398
8.17 2.13773 0.689555 -1.74717
8.175 2.13178 0.678335 -1.7544
8.18 2.12591 0.667101 -1.76149
8.185 2.12011 0.655853 -1.76844
8.19 2.11439 0.644593 -1.77526
8.195 2.10874 0.63332 -1.78194
8.2 2.10318 0.622035 -1.78848
8.205 2.0977 0.61074 -1.79488
8.21 2.0923 0.599434 -1.80115
8.215 2.08699 0.588119 -1.80729
8.22 2.08176 0.576794 -1.81329
8.225 2.07661 0.565461 -1.81917
8.23 2.07156 0.55412 -1.82491
8.235 2.06659 0.542771 -1.83051
8.24 2.06171 0.531415 -1.83599
8.245 2.05692 0.520053 -1.84134
8.25 2.05223 0.508684 -1.84656
8.255 2.04762 0.49731 -1.85165
8.26 2.04311 0.48593 -1.85662
8.265 2.0387 0.474545 -1.86145
8.27 2.03437 0.463156 -1.86616
8.275 2.03015 0.451762 -1.87075
8.28 2.02602 0.440364 -1.87521
8.285 2.02199 0.428963 -1.87955
8.29 2.01805 0.417558 -1.88376
8.295 2.01422 0.406151 -1.88785
8.3 2.01049 0.39474 -1.89182
8.305 2.00685 0.383327 -1.89567
8.31 2.00332 0.371912 -1.89939
8.315 1.99989 0.360495 -1.903
8.32 1.99656 0.349075 -1.90648
8.325 1.99334 0.337654 -1.90985
8.33 1.99022 0.326232 -1.91309
8.335 1.9872 0.314808 -1.91622
8.34 1.98429 0.303383 -1.91923
8.345 1.98149 0.291957 -1.92212
8.35 1.97879 0.28053 -1.9249
8.355 1.97619 0.269103 -1.92756
8.36 1.97371 0.257674 -1.9301
8.365 1.97133 0.246246 -1.93253
8.37 1.96905 0.234816 -1.93484
8.375 1.96689 0.223386 -1.93704
8.38 1.96484 0.211956 -1.93912
8.385 1.96289 0.200526 -1.94109
8.39 1.96105 0.189095 -1.94294
8.395 1.95933 0.177664 -1.94468
8.4 1.95771 0.166233 -1.94631
8.405 1.9562 0.154802 -1.94782
8.41 1.9548 0.143371 -1.94922
8.415 1.95352 0.13194 -1.95051
8.42 1.95234 0.120509 -1.95169
8.425 1.95128 0.109078 -1.95275
8.43 1.95032 0.0976471 -1.95371
8.435 1.94948 0.086216 -1.95455
8.44 1.94875 0.074785 -1.95527
8.445 1.94813 0.063354 -1.95589
8.45 1.94762 0.0519231 -1.9564
8.455 1.94722 0.0404921 -1.95679
8.46 1.94694 0.0290612 -1.95707
8.465 1.94677 0.0176303 -1.95725
8.47 1.94671 0.00619942 -1.95731
8.475 1.94676 -0.00523149 -1.95726
8.48 1.94692 -0.0166624 -1.95709
8.485 1.9472 -0.0280933 -1.95682
8.49 1.94758 -0.0395243 -1.95643
8.495 1.94808 -0.0509553 -1.95594
8.5 1.94869 -0.0623863 -1.95533
8.505 1.94941 -0.0738173 -1.95461
8.51 1.95024 -0.0852483 -1.95378
8.515 1.95119 -0.0966794 -1.95284
8.52 1.95224 -0.10811 -1.95178
8.525 1.95341 -0.119541 -1.95061
8.53 1.95469 -0.130972 -1.94933
8.535 1.95607 -0.142403 -1.94794
8.54 1.95757 -0.153834 -1.94644
8.545 1.95918 -0.165265 -1.94482
8.55 1.96089 -0.176696 -1.94308
8.555 1.96272 -0.188126 -1.94124
8.56 1.96465 -0.199556 -1.93928
8.565 1.9667 -0.210986 -1.9372
8.57 1.96885 -0.222415 -1.93501
8.575 1.97111 -0.233844 -1.93271
8.58 1.97348 -0.245272 -1.93029
8.585 1.97595 -0.256699 -1.92775
8.59 1.97853 -0.268126 -1.9251
8.595 1.98122 -0.279551 -1.92233
8.6 1.98401 -0.290976 -1.91944
8.605 1.98691 -0.302399 -1.91644
8.61 1.98991 -0.313821 -1.91332
8.615 1.99302 -0.325242 -1.91008
8.62 1.99623 -0.336661 -1.90672
8.625 1.99954 -0.348077 -1.90324
8.63 2.00295 -0.359492 -1.89964
8.635 2.00647 -0.370904 -1.89591
8.64 2.01009 -0.382314 -1.89207
8.645 2.0138 -0.393721 -1.88811
8.65 2.01762 -0.405125 -1.88402
8.655 2.02154 -0.416525 -1.87981
8.66 2.02555 -0.427921 -1.87548
8.665 2.02966 -0.439314 -1.87102
8.67 2.03386 -0.450702 -1.86644
8.675 2.03817 -0.462086 -1.86173
8.68 2.04256 -0.473464 -1.85689
8.685 2.04705 -0.484837 -1.85193
8.69 2.05163 -0.496204 -1.84684
8.695 2.05631 -0.507565 -1.84162
8.7 2.06107 -0.518919 -1.83627
8.705 2.06592 -0.530266 -1.83079
8.71 2.07087 -0.541605 -1.82519
8.715 2.0759 -0.552936 -1.81945
8.72 2.08101 -0.564258 -1.81358
8.725 2.08622 -0.575571 -1.80757
8.73 2.0915 -0.586875 -1.80144
8.735 2.09687 -0.598167 -1.79516
8.74 2.10232 -0.609449 -1.78876
8.745 2.10785 -0.620719 -1.78222
8.75 2.11346 -0.631976 -1.77554
8.755 2.11915 -0.643221 -1.76872
8.76 2.12492 -0.654452 -1.76177
8.765 2.13076 -0.665668 -1.75468
8.77 2.13667 -0.676869 -1.74745
8.775 2.14266 -0.688054 -1.74007
8.78 2.14872 -0.699223 -1.73256
8.785 2.15484 -0.710374 -1.72491
8.79 2.16104 -0.721506 -1.71711
8.795 2.1673 -0.732619 -1.70917
8.8 2.17362 -0.743711 -1.70109
8.805 2.18001 -0.754783 -1.69286
8.81 2.18646 -0.765832 -1.68449
8.815 2.19297 -0.776858 -1.67597
8.82 2.19954 -0.78786 -1.66731
8.825 2.20616 -0.798837 -1.6585
8.83 2.21284 -0.809787 -1.64954
8.835 2.21957 -0.82071 -1.64043
8.84 2.22636 -0.831605 -1.63117
8.845 2.23319 -0.84247 -1.62176
8.85 2.24007 -0.853304 -1.61221
8.855 2.24699 -0.864107 -1.6025
8.86 2.25396 -0.874876 -1.59264
8.865 2.26097 -0.885611 -1.58263
8.87 2.26801 -0.89631 -1.57246
8.875 2.2751 -0.906972 -1.56215
8.88 2.28222 -0.917596 -1.55168
8.885 2.28937 -0.92818 -1.54105
8.89 2.29655 -0.938723 -1.53027
8.895 2.30376 -0.949224 -1.51934
8.9 2.311 -0.95968 -1.50825
8.905 2.31826 -0.970092 -1.497
8.91 2.32554 -0.980456 -1.4856
8.915 2.33284 -0.990772 -1.47405
8.92 2.34016 -1.00104 -1.46233
8.925 2.3475 -1.01125 -1.45046
8.93 2.35484 -1.02142 -1.43844
8.935 2.3622 -1.03152 -1.42625
8.94 2.36956 -1.04157 -1.41391
8.945 2.37693 -1.05157 -1.40142
8.95 2.3843 -1.0615 -1.38876
8.955 2.39167 -1.07137 -1.37595
8.96 2.39904 -1.08118 -1.36298
8.965 2.4064 -1.09093 -1.34986
8.97 2.41376 -1.10061 -1.33657
8.975 2.4211 -1.11022 -1.32313
8.98 2.42844 -1.11976 -1.30954
8.985 2.43575 -1.12923 -1.29578
8.99 2.44305 -1.13862 -1.28188
8.995 2.45033 -1.14794 -1.26781
9 2.45758 -1.15718 -1.25359
9.005 2.46481 -1.16635 -1.23922
9.01 2.472 -1.17543 -1.22469
9.015 2.47917 -1.18443 -1.21001
9.02 2.4863 -1.19334 -1.19517
9.025 2.4934 -1.20217 -1.18018
9.03 2.50045 -1.21091 -1.16505
9.035 2.50746 -1.21956 -1.14976
9.04 2.51443 -1.22811 -1.13432
9.045 2.52134 -1.23658 -1.11873
9.05 2.52821 -1.24494 -1.10299
9.055 2.53502 -1.25321 -1.0871
9.06 2.54178 -1.26138 -1.07107
9.065 2.54847 -1.26944 -1.0549
9.07 2.5551 -1.2774 -1.03858
9.075 2.56167 -1.28526 -1.02212
9.08 2.56817 -1.29301 -1.00551
9.085 2.5746 -1.30064 -0.98877
9.09 2.58096 -1.30817 -0.971889
9.095 2.58724 -1.31558 -0.95487
9.1 2.59344 -1.32288 -0.937716
9.105 2.59957 -1.33005 -0.920428
9.11 2.6056 -1.33711 -0.903008
9.115 2.61155 -1.34405 -0.885458
9.12 2.61741 -1.35086 -0.867779
9.125 2.62318 -1.35755 -0.849974
9.13 2.62886 -1.36411 -0.832043
9.135 2.63444 -1.37055 -0.81399
9.14 2.63992 -1.37685 -0.795816
9.145 2.64529 -1.38302 -0.777524
9.15 2.65056 -1.38906 -0.759115
9.155 2.65573 -1.39496 -0.740592
9.16 2.66079 -1.40072 -0.721957
9.165 2.66573 -1.40634 -0.703212
9.17 2.67056 -1.41183 -0.68436
9.175 2.67528 -1.41717 -0.665404
9.18 2.67987 -1.42236 -0.646345
9.185 2.68435 -1.42741 -0.627186
9.19 2.6887 -1.43232 -0.607931
9.195 2.69293 -1.43707 -0.588581
9.2 2.69704 -1.44168 -0.56914
9.205 2.70101 -1.44613 -0.54961
9.21 2.70485 -1.45043 -0.529994
9.215 2.70856 -1.45458 -0.510295
9.22 2.71214 -1.45857 -0.490516
9.225 2.71558 -1.4624 -0.470659
9.23 2.71889 -1.46608 -0.450729
9.235 2.72205 -1.4696 -0.430727
9.24 2.72508 -1.47295 -0.410658
9.245 2.72796 -1.47615 -0.390523
9.25 2.7307 -1.47918 -0.370327
9.255 2.73329 -1.48206 -0.350073
9.26 2.73574 -1.48476 -0.329763
9.265 2.73804 -1.4873 -0.309402
9.27 2.74019 -1.48968 -0.288992
9.275 2.7422 -1.49189 -0.268536
9.28 2.74405 -1.49393 -0.248039
9.285 2.74575 -1.4958 -0.227504
9.29 2.7473 -1.49751 -0.206933
9.295 2.7487 -1.49905 -0.186331
9.3 2.74994 -1.50041 -0.165701
9.305 2.75103 -1.50161 -0.145046
9.31 2.75196 -1.50264 -0.12437
9.315 2.75274 -1.50349 -0.103676
9.32 2.75337 -1.50418 -0.0829685
9.325 2.75383 -1.50469 -0.0622502
9.33 2.75415 -1.50504 -0.0415247
9.335 2.7543 -1.50521 -0.0207957
9.34 2.7543 -1.50521 -6.67219e-05
9.345 2.75415 -1.50504 0.0206588
9.35 2.75384 -1.5047 0.0413772
9.355 2.75337 -1.50418 0.0620851
9.36 2.75275 -1.5035 0.0827788
9.365 2.75197 -1.50264 0.103455
9.37 2.75104 -1.50162 0.12411
9.375 2.74995 -1.50043 0.144741
9.38 2.74871 -1.49906 0.165343
9.385 2.74732 -1.49753 0.185914
9.39 2.74578 -1.49583 0.20645
9.395 2.74408 -1.49396 0.226948
9.4 2.74224 -1.49193 0.247404
9.405 2.74024 -1.48972 0.267815
9.41 2.7381 -1.48736 0.288178
9.415 2.73581 -1.48483 0.308489
9.42 2.73337 -1.48213 0.328745
9.425 2.73079 -1.47927 0.348943
9.43 2.72807 -1.47625 0.369079
9.435 2.7252 -1.47307 0.389151
9.44 2.72219 -1.46973 0.409156
9.445 2.71905 -1.46623 0.429089
9.45 2.71577 -1.46257 0.448949
9.455 2.71235 -1.45876 0.468733
9.46 2.70879 -1.45479 0.488436
9.465 2.70511 -1.45066 0.508057
9.47 2.70129 -1.44639 0.527593
9.475 2.69735 -1.44196 0.54704
9.48 2.69328 -1.43738 0.566397
9.485 2.68908 -1.43266 0.585659
9.49 2.68477 -1.42779 0.604826
9.495 2.68033 -1.42277 0.623893
9.5 2.67577 -1.41761 0.642859
9.505 2.6711 -1.41231 0.661721
9.51 2.66631 -1.40687 0.680477
9.515 2.66141 -1.40128 0.699124
9.52 2.65641 -1.39556 0.71766
9.525 2.65129 -1.38971 0.736083
9.53 2.64607 -1.38372 0.75439
9.535 2.64075 -1.3776 0.772579
9.54 2.63533 -1.37135 0.790649
9.545 2.62981 -1.36497 0.808597
9.55 2.6242 -1.35846 0.826421
9.555 2.61849 -1.35183 0.84412
9.56 2.6127 -1.34508 0.861692
9.565 2.60681 -1.3382 0.879134
9.57 2.60085 -1.33121 0.896445
9.575 2.5948 -1.3241 0.913624
9.58 2.58867 -1.31687 0.930669
9.585 2.58247 -1.30953 0.947578
9.59 2.57619 -1.30208 0.96435
9.595 2.56984 -1.29451 0.980983
9.6 2.56342 -1.28684 0.997477
9.605 2.55694 -1.27907 1.01383
9.61 2.55039 -1.27118 1.03004
9.615 2.54378 -1.2632 1.04611
9.62 2.53712 -1.25512 1.06203
9.625 2.5304 -1.24694 1.0778
9.63 2.52363 -1.23866 1.09343
9.635 2.5168 -1.23028 1.10892
9.64 2.50994 -1.22182 1.12425
9.645 2.50302 -1.21326 1.13943
9.65 2.49607 -1.20462 1.15447
9.655 2.48908 -1.19589 1.16935
9.66 2.48205 -1.18707 1.18408
9.665 2.47499 -1.17817 1.19866
9.67 2.4679 -1.16919 1.21309
9.675 2.46078 -1.16013 1.22736
9.68 2.45363 -1.15099 1.24148
9.685 2.44647 -1.14178 1.25545
9.69 2.43928 -1.13249 1.26926
9.695 2.43207 -1.12313 1.28292
9.7 2.42486 -1.1137 1.29642
9.705 2.41762 -1.1042 1.30977
9.71 2.41038 -1.09463 1.32296
9.715 2.40314 -1.085 1.336
9.72 2.39588 -1.0753 1.34888
9.725 2.38863 -1.06555 1.36161
9.73 2.38138 -1.05573 1.37418
9.735 2.37412 -1.04585 1.38659
9.74 2.36688 -1.03592 1.39885
9.745 2.35964 -1.02593 1.41096
9.75 2.35241 -1.01589 1.42291
9.755 2.3452 -1.0058 1.4347
9.76 2.338 -0.995651 1.44634
9.765 2.33082 -0.985457 1.45782
9.77 2.32365 -0.975216 1.46915
9.775 2.31651 -0.964928 1.48033
9.78 2.30939 -0.954596 1.49135
9.785 2.3023 -0.94422 1.50222
9.79 2.29524 -0.933802 1.51294
9.795 2.2882 -0.923344 1.5235
9.8 2.2812 -0.912847 1.53391
9.805 2.27423 -0.902311 1.54417
9.81 2.2673 -0.891739 1.55428
9.815 2.26041 -0.881132 1.56424
9.82 2.25356 -0.87049 1.57405
9.825 2.24675 -0.859815 1.58371
9.83 2.23999 -0.849109 1.59322
9.835 2.23327 -0.838372 1.60258
9.84 2.2266 -0.827605 1.6118
9.845 2.21998 -0.816811 1.62086
9.85 2.21341 -0.805988 1.62978
9.855 2.2069 -0.79514 1.63856
9.86 2.20044 -0.784266 1.64718
9.865 2.19404 -0.773369 1.65567
9.87 2.18769 -0.762448 1.66401
9.875 2.18141 -0.751504 1.67221
9.88 2.17519 -0.74054 1.68026
9.885 2.16903 -0.729555 1.68817
9.89 2.16294 -0.71855 1.69594
9.895 2.15691 -0.707527 1.70357
9.9 2.15095 -0.696485 1.71106
9.905 2.14506 -0.685427 1.71841
9.91 2.13925 -0.674352 1.72563
9.915 2.1335 -0.663262 1.7327
9.92 2.12783 -0.652157 1.73964
9.925 2.12223 -0.641038 1.74644
9.93 2.11671 -0.629906 1.75311
9.935 2.11126 -0.61876 1.75964
9.94 2.1059 -0.607603 1.76604
9.945 2.10061 -0.596434 1.7723
9.95 2.09541 -0.585255 1.77844
9.955 2.09029 -0.574065 1.78444
9.96 2.08525 -0.562865 1.7903
9.965 2.08029 -0.551656 1.79604
9.97 2.07543 -0.540439 1.80165
9.975 2.07064 -0.529213 1.80713
9.98 2.06595 -0.517979 1.81248
9.985 2.06134 -0.506739 1.8177
9.99 2.05683 -0.495491 1.8228
9.995 2.0524 -0.484237 1.82777
10 2.04807 -0.472977 1.83261
