0 2 0.5 2
0.01 2.01042 0.523998 1.98947
0.02 2.02127 0.547991 1.97839
0.03 2.03252 0.571976 1.96676
0.04 2.04416 0.595949 1.95458
0.05 2.0562 0.619906 1.94183
0.06 2.06862 0.643842 1.92852
0.07 2.0814 0.667752 1.91462
0.08 2.09454 0.691632 1.90013
0.09 2.10803 0.715474 1.88505
0.1 2.12185 0.739273 1.86936
0.11 2.13599 0.763022 1.85306
0.12 2.15044 0.786713 1.83615
0.13 2.16517 0.810339 1.8186
0.14 2.18019 0.83389 1.80042
0.15 2.19546 0.857359 1.7816
0.16 2.21098 0.880735 1.76213
0.17 2.22673 0.904009 1.742
0.18 2.24269 0.927169 1.7212
0.19 2.25884 0.950206 1.69974
0.2 2.27516 0.973107 1.6776
0.21 2.29164 0.99586 1.65478
0.22 2.30826 1.01845 1.63127
0.23 2.32498 1.04087 1.60707
0.24 2.3418 1.0631 1.58217
0.25 2.35869 1.08513 1.55658
0.26 2.37563 1.10694 1.53028
0.27 2.3926 1.12852 1.50328
0.28 2.40957 1.14986 1.47557
0.29 2.42651 1.17093 1.44716
0.3 2.44341 1.19171 1.41804
0.31 2.46024 1.21221 1.38822
0.32 2.47697 1.23238 1.35769
0.33 2.49358 1.25223 1.32647
0.34 2.51004 1.27173 1.29455
0.35 2.52633 1.29085 1.26194
0.36 2.54242 1.3096 1.22864
0.37 2.55829 1.32794 1.19467
0.38 2.5739 1.34585 1.16003
0.39 2.58923 1.36332 1.12473
0.4 2.60426 1.38034 1.08878
0.41 2.61896 1.39687 1.0522
0.42 2.6333 1.41291 1.01499
0.43 2.64726 1.42843 0.977176
0.44 2.66081 1.44341 0.938769
0.45 2.67393 1.45785 0.899788
0.46 2.68659 1.47172 0.860249
0.47 2.69877 1.485 0.820172
0.48 2.71044 1.49768 0.779578
0.49 2.72159 1.50974 0.738489
0.5 2.73219 1.52116 0.696928
0.51 2.74223 1.53194 0.654919
0.52 2.75167 1.54205 0.612487
0.53 2.76051 1.55148 0.569658
0.54 2.76872 1.56023 0.52646
0.55 2.7763 1.56827 0.48292
0.56 2.78321 1.57561 0.439068
0.57 2.78946 1.58222 0.394932
0.58 2.79503 1.58809 0.350544
0.59 2.7999 1.59323 0.305935
0.6 2.80408 1.59763 0.261137
0.61 2.80754 1.60127 0.216181
0.62 2.81028 1.60415 0.171099
0.63 2.81231 1.60628 0.125926
0.64 2.8136 1.60764 0.0806932
0.65 2.81417 1.60824 0.0354346
0.66 2.81401 1.60807 -0.00981686
0.67 2.81313 1.60714 -0.0550279
0.68 2.81152 1.60545 -0.100166
0.69 2.80919 1.60301 -0.145197
0.7 2.80615 1.59981 -0.19009
0.71 2.80241 1.59586 -0.234813
0.72 2.79796 1.59117 -0.279333
0.73 2.79283 1.58575 -0.32362
0.74 2.78702 1.5796 -0.367644
0.75 2.78055 1.57274 -0.411375
0.76 2.77343 1.56517 -0.454784
0.77 2.76568 1.55691 -0.497843
0.78 2.75732 1.54796 -0.540525
0.79 2.74835 1.53835 -0.582804
0.8 2.73881 1.52809 -0.624656
0.81 2.7287 1.51718 -0.666055
0.82 2.71806 1.50565 -0.70698
0.83 2.70689 1.49352 -0.747408
0.84 2.69523 1.48078 -0.787318
0.85 2.6831 1.46747 -0.826692
0.86 2.67052 1.45361 -0.865511
0.87 2.65752 1.4392 -0.903758
0.88 2.64411 1.42426 -0.941417
0.89 2.63032 1.40882 -0.978473
0.9 2.61619 1.39289 -1.01491
0.91 2.60172 1.37649 -1.05073
0.92 2.58696 1.35963 -1.0859
0.93 2.57192 1.34234 -1.12042
0.94 2.55663 1.32463 -1.15429
0.95 2.54111 1.30653 -1.18749
0.96 2.5254 1.28804 -1.22002
0.97 2.50951 1.26919 -1.25187
0.98 2.49347 1.25 -1.28304
0.99 2.47731 1.23047 -1.31352
1 2.46105 1.21064 -1.34331
1.01 2.44471 1.19051 -1.37242
1.02 2.42832 1.1701 -1.40083
1.03 2.4119 1.14942 -1.42855
1.04 2.39547 1.1285 -1.45559
1.05 2.37906 1.10735 -1.48193
1.06 2.36269 1.08598 -1.50759
1.07 2.34638 1.0644 -1.53257
1.08 2.33014 1.04264 -1.55686
1.09 2.31401 1.02069 -1.58048
1.1 2.298 0.998584 -1.60343
1.11 2.28213 0.976323 -1.62571
1.12 2.26641 0.953922 -1.64733
1.13 2.25088 0.931391 -1.66829
1.14 2.23553 0.908742 -1.68861
1.15 2.2204 0.885983 -1.70828
1.16 2.20549 0.863126 -1.72732
1.17 2.19082 0.840179 -1.74572
1.18 2.17641 0.81715 -1.76351
1.19 2.16227 0.794048 -1.78068
1.2 2.14842 0.770881 -1.79724
1.21 2.13486 0.747655 -1.8132
1.22 2.12161 0.724378 -1.82857
1.23 2.10869 0.701056 -1.84335
1.24 2.0961 0.677694 -1.85756
1.25 2.08386 0.654298 -1.87119
1.26 2.07197 0.630874 -1.88426
1.27 2.06045 0.607424 -1.89678
1.28 2.0493 0.583955 -1.90874
1.29 2.03854 0.560469 -1.92017
1.3 2.02817 0.53697 -1.93106
1.31 2.0182 0.51346 -1.94142
1.32 2.00864 0.489944 -1.95126
1.33 1.9995 0.466423 -1.96059
1.34 1.99078 0.442899 -1.96941
1.35 1.98248 0.419374 -1.97772
1.36 1.97462 0.39585 -1.98554
1.37 1.9672 0.372328 -1.99286
1.38 1.96023 0.348809 -1.9997
1.39 1.9537 0.325293 -2.00606
1.4 1.94763 0.301782 -2.01193
1.41 1.94202 0.278276 -2.01734
1.42 1.93686 0.254775 -2.02227
1.43 1.93218 0.231279 -2.02674
1.44 1.92796 0.207788 -2.03075
1.45 1.92421 0.184301 -2.03429
1.46 1.92093 0.160819 -2.03738
1.47 1.91813 0.137341 -2.04002
1.48 1.9158 0.113866 -2.0422
1.49 1.91396 0.0903943 -2.04393
1.5 1.91259 0.0669245 -2.04521
1.51 1.9117 0.043456 -2.04604
1.52 1.91129 0.0199882 -2.04642
1.53 1.91136 -0.00347975 -2.04635
1.54 1.91191 -0.0269485 -2.04584
1.55 1.91294 -0.0504189 -2.04487
1.56 1.91445 -0.0738916 -2.04346
1.57 1.91644 -0.0973671 -2.04159
1.58 1.91891 -0.120846 -2.03928
1.59 1.92184 -0.144329 -2.0365
1.6 1.92526 -0.167817 -2.03327
1.61 1.92914 -0.191309 -2.02958
1.62 1.93349 -0.214806 -2.02543
1.63 1.93831 -0.238307 -2.02081
1.64 1.94358 -0.261814 -2.01572
1.65 1.94932 -0.285324 -2.01016
1.66 1.95551 -0.308839 -2.00412
1.67 1.96215 -0.332356 -1.9976
1.68 1.96923 -0.355876 -1.99059
1.69 1.97676 -0.379396 -1.98309
1.7 1.98471 -0.402916 -1.97509
1.71 1.9931 -0.426434 -1.96659
1.72 2.00191 -0.449947 -1.95759
1.73 2.01113 -0.473454 -1.94806
1.74 2.02076 -0.496952 -1.93802
1.75 2.03079 -0.520437 -1.92745
1.76 2.04122 -0.543907 -1.91635
1.77 2.05202 -0.567358 -1.90471
1.78 2.0632 -0.590786 -1.89252
1.79 2.07475 -0.614187 -1.87978
1.8 2.08665 -0.637555 -1.86647
1.81 2.09889 -0.660885 -1.8526
1.82 2.11147 -0.684172 -1.83815
1.83 2.12437 -0.70741 -1.82313
1.84 2.13757 -0.730592 -1.80751
1.85 2.15107 -0.753712 -1.7913
1.86 2.16486 -0.776761 -1.77448
1.87 2.17891 -0.799731 -1.75706
1.88 2.19321 -0.822616 -1.73901
1.89 2.20776 -0.845404 -1.72035
1.9 2.22252 -0.868088 -1.70106
1.91 2.2375 -0.890657 -1.68113
1.92 2.25266 -0.913101 -1.66056
1.93 2.26799 -0.935409 -1.63934
1.94 2.28348 -0.95757 -1.61748
1.95 2.29911 -0.979572 -1.59496
1.96 2.31485 -1.0014 -1.57178
1.97 2.33068 -1.02305 -1.54793
1.98 2.34659 -1.0445 -1.52342
1.99 2.36256 -1.06574 -1.49824
2 2.37856 -1.08675 -1.47239
2.01 2.39458 -1.10752 -1.44587
2.02 2.41058 -1.12804 -1.41868
2.03 2.42655 -1.14829 -1.39082
2.04 2.44246 -1.16826 -1.36228
2.05 2.4583 -1.18792 -1.33308
2.06 2.47403 -1.20726 -1.30321
2.07 2.48964 -1.22627 -1.27268
2.08 2.5051 -1.24493 -1.2415
2.09 2.52038 -1.26323 -1.20966
2.1 2.53546 -1.28114 -1.17717
2.11 2.55032 -1.29864 -1.14406
2.12 2.56492 -1.31573 -1.11031
2.13 2.57926 -1.33238 -1.07594
2.14 2.5933 -1.34858 -1.04097
2.15 2.60701 -1.3643 -1.0054
2.16 2.62039 -1.37954 -0.969253
2.17 2.63339 -1.39428 -0.932536
2.18 2.646 -1.40849 -0.895267
2.19 2.65819 -1.42217 -0.857464
2.2 2.66995 -1.43529 -0.819142
2.21 2.68125 -1.44784 -0.780322
2.22 2.69206 -1.45981 -0.741023
2.23 2.70238 -1.47118 -0.701266
2.24 2.71218 -1.48194 -0.661073
2.25 2.72144 -1.49207 -0.620467
2.26 2.73014 -1.50156 -0.579473
2.27 2.73826 -1.5104 -0.538114
2.28 2.7458 -1.51858 -0.496417
2.29 2.75274 -1.52609 -0.454407
2.3 2.75906 -1.53291 -0.412114
2.31 2.76474 -1.53904 -0.369563
2.32 2.76979 -1.54447 -0.326784
2.33 2.77419 -1.54919 -0.283807
2.34 2.77792 -1.55321 -0.24066
2.35 2.781 -1.5565 -0.197374
2.36 2.7834 -1.55907 -0.153979
2.37 2.78512 -1.56092 -0.110505
2.38 2.78617 -1.56204 -0.0669843
2.39 2.78653 -1.56243 -0.0234466
2.4 2.78622 -1.56209 0.0200768
2.41 2.78523 -1.56103 0.0635551
2.42 2.78356 -1.55925 0.106958
2.43 2.78122 -1.55674 0.150254
2.44 2.77822 -1.55351 0.193414
2.45 2.77455 -1.54958 0.236408
2.46 2.77024 -1.54494 0.279206
2.47 2.76529 -1.5396 0.321781
2.48 2.7597 -1.53357 0.364103
2.49 2.7535 -1.52686 0.406145
2.5 2.7467 -1.51948 0.44788
2.51 2.7393 -1.51144 0.489283
2.52 2.73133 -1.50275 0.530328
2.53 2.7228 -1.49342 0.570991
2.54 2.71374 -1.48346 0.611248
2.55 2.70415 -1.4729 0.651077
2.56 2.69405 -1.46174 0.690458
2.57 2.68348 -1.45 0.729368
2.58 2.67244 -1.43769 0.767789
2.59 2.66096 -1.42482 0.805703
2.6 2.64906 -1.41142 0.843093
2.61 2.63676 -1.3975 0.879941
2.62 2.62409 -1.38307 0.916234
2.63 2.61107 -1.36816 0.951958
2.64 2.59771 -1.35278 0.987099
2.65 2.58405 -1.33694 1.02165
2.66 2.57011 -1.32066 1.05559
2.67 2.55592 -1.30396 1.08892
2.68 2.54148 -1.28686 1.12162
2.69 2.52684 -1.26936 1.1537
2.7 2.512 -1.2515 1.18513
2.71 2.49701 -1.23328 1.21593
2.72 2.48187 -1.21473 1.24608
2.73 2.46662 -1.19585 1.27558
2.74 2.45127 -1.17667 1.30442
2.75 2.43585 -1.15719 1.33261
2.76 2.42038 -1.13744 1.36014
2.77 2.40488 -1.11742 1.38701
2.78 2.38937 -1.09716 1.41322
2.79 2.37388 -1.07667 1.43878
2.8 2.35843 -1.05596 1.46369
2.81 2.34303 -1.03504 1.48794
2.82 2.3277 -1.01393 1.51154
2.83 2.31247 -0.99264 1.53449
2.84 2.29735 -0.971181 1.55681
2.85 2.28236 -0.949565 1.57848
2.86 2.26752 -0.927803 1.59952
2.87 2.25285 -0.905906 1.61992
2.88 2.23835 -0.883885 1.63971
2.89 2.22406 -0.861748 1.65887
2.9 2.20997 -0.839506 1.67743
2.91 2.19612 -0.817166 1.69537
2.92 2.18251 -0.794738 1.71272
2.93 2.16915 -0.772229 1.72947
2.94 2.15607 -0.749647 1.74563
2.95 2.14326 -0.726999 1.76121
2.96 2.13075 -0.704291 1.77622
2.97 2.11855 -0.681529 1.79066
2.98 2.10666 -0.65872 1.80454
2.99 2.0951 -0.635868 1.81786
3 2.08388 -0.612979 1.83063
3.01 2.07301 -0.590057 1.84286
3.02 2.06249 -0.567107 1.85456
3.03 2.05234 -0.544133 1.86573
3.04 2.04256 -0.521137 1.87637
3.05 2.03316 -0.498124 1.8865
3.06 2.02416 -0.475096 1.89612
3.07 2.01554 -0.452055 1.90523
3.08 2.00733 -0.429005 1.91384
3.09 1.99953 -0.405947 1.92196
3.1 1.99214 -0.382883 1.92958
3.11 1.98517 -0.359814 1.93673
3.12 1.97863 -0.336743 1.94339
3.13 1.97251 -0.313669 1.94958
3.14 1.96683 -0.290595 1.95529
3.15 1.96159 -0.26752 1.96054
3.16 1.95678 -0.244446 1.96532
3.17 1.95242 -0.221373 1.96965
3.18 1.94851 -0.1983 1.97351
3.19 1.94504 -0.175229 1.97692
3.2 1.94203 -0.152159 1.97987
3.21 1.93947 -0.129091 1.98238
3.22 1.93737 -0.106023 1.98443
3.23 1.93572 -0.0829566 1.98604
3.24 1.93453 -0.0598908 1.9872
3.25 1.9338 -0.0368255 1.98791
3.26 1.93353 -0.0137604 1.98817
3.27 1.93371 0.0093048 1.98799
3.28 1.93435 0.0323704 1.98737
3.29 1.93546 0.0554367 1.98629
3.3 1.93701 0.0785039 1.98477
3.31 1.93903 0.101572 1.9828
3.32 1.9415 0.124642 1.98038
3.33 1.94442 0.147712 1.97751
3.34 1.94779 0.170784 1.97419
3.35 1.95161 0.193857 1.9704
3.36 1.95587 0.21693 1.96616
3.37 1.96058 0.240004 1.96145
3.38 1.96573 0.263077 1.95628
3.39 1.97131 0.286149 1.95064
3.4 1.97732 0.309219 1.94453
3.41 1.98376 0.332285 1.93794
3.42 1.99062 0.355347 1.93086
3.43 1.9979 0.378402 1.9233
3.44 2.00559 0.401449 1.91525
3.45 2.01368 0.424486 1.9067
3.46 2.02218 0.447511 1.89765
3.47 2.03106 0.47052 1.8881
3.48 2.04033 0.49351 1.87803
3.49 2.04997 0.51648 1.86744
3.5 2.05999 0.539424 1.85633
3.51 2.07036 0.562339 1.84469
3.52 2.08108 0.58522 1.83251
3.53 2.09215 0.608064 1.81979
3.54 2.10355 0.630864 1.80651
3.55 2.11526 0.653616 1.79269
3.56 2.12729 0.676314 1.7783
3.57 2.13961 0.698951 1.76335
3.58 2.15223 0.721522 1.74782
3.59 2.16511 0.744018 1.73171
3.6 2.17825 0.766432 1.71501
3.61 2.19165 0.788757 1.69773
3.62 2.20527 0.810984 1.67984
3.63 2.21911 0.833104 1.66136
3.64 2.23315 0.855109 1.64226
3.65 2.24738 0.876988 1.62255
3.66 2.26178 0.898731 1.60222
3.67 2.27633 0.920328 1.58127
3.68 2.29102 0.941768 1.5597
3.69 2.30583 0.963039 1.53749
3.7 2.32074 0.98413 1.51465
3.71 2.33572 1.00503 1.49118
3.72 2.35077 1.02572 1.46707
3.73 2.36586 1.04619 1.44231
3.74 2.38097 1.06644 1.41692
3.75 2.39608 1.08643 1.39089
3.76 2.41117 1.10617 1.36422
3.77 2.42622 1.12563 1.33691
3.78 2.44121 1.1448 1.30896
3.79 2.45611 1.16367 1.28038
3.8 2.4709 1.18222 1.25117
3.81 2.48556 1.20043 1.22133
3.82 2.50007 1.2183 1.19087
3.83 2.5144 1.2358 1.1598
3.84 2.52853 1.25291 1.12812
3.85 2.54245 1.26963 1.09584
3.86 2.55612 1.28593 1.06297
3.87 2.56952 1.3018 1.02952
3.88 2.58263 1.31723 0.995502
3.89 2.59543 1.33219 0.960926
3.9 2.6079 1.34668 0.925806
3.91 2.62001 1.36067 0.890156
3.92 2.63175 1.37416 0.853992
3.93 2.64308 1.38712 0.817329
3.94 2.654 1.39954 0.780185
3.95 2.66448 1.41141 0.742578
3.96 2.67451 1.42272 0.704527
3.97 2.68406 1.43345 0.666053
3.98 2.69311 1.44358 0.627176
3.99 2.70165 1.45311 0.587918
4 2.70967 1.46202 0.548302
4.01 2.71714 1.47031 0.508351
4.02 2.72406 1.47796 0.468091
4.03 2.73041 1.48497 0.427545
4.04 2.73618 1.49132 0.38674
4.05 2.74135 1.497 0.345702
4.06 2.74593 1.50202 0.304458
4.07 2.74989 1.50636 0.263034
4.08 2.75323 1.51002 0.22146
4.09 2.75595 1.51299 0.179763
4.1 2.75804 1.51527 0.137971
4.11 2.7595 1.51686 0.0961133
4.12 2.76032 1.51776 0.0542181
4.13 2.76051 1.51797 0.0123146
4.14 2.76006 1.51748 -0.0295687
4.15 2.75898 1.51629 -0.0714029
4.16 2.75727 1.51442 -0.11316
4.17 2.75492 1.51186 -0.15481
4.18 2.75196 1.50862 -0.196327
4.19 2.74839 1.5047 -0.237682
4.2 2.7442 1.50011 -0.278848
4.21 2.73942 1.49485 -0.319798
4.22 2.73406 1.48894 -0.360507
4.23 2.72811 1.48238 -0.400948
4.24 2.7216 1.47517 -0.441096
4.25 2.71455 1.46734 -0.480928
4.26 2.70696 1.45889 -0.520419
4.27 2.69884 1.44983 -0.559548
4.28 2.69023 1.44017 -0.598292
4.29 2.68112 1.42993 -0.63663
4.3 2.67155 1.41912 -0.674542
4.31 2.66153 1.40775 -0.71201
4.32 2.65107 1.39583 -0.749014
4.33 2.64021 1.38339 -0.785539
4.34 2.62895 1.37043 -0.821566
4.35 2.61732 1.35697 -0.857083
4.36 2.60534 1.34302 -0.892073
4.37 2.59303 1.32861 -0.926524
4.38 2.58041 1.31374 -0.960424
4.39 2.5675 1.29843 -0.993761
4.4 2.55434 1.2827 -1.02653
4.41 2.54093 1.26656 -1.05871
4.42 2.5273 1.25002 -1.0903
4.43 2.51347 1.23311 -1.12129
4.44 2.49947 1.21584 -1.15168
4.45 2.48531 1.19823 -1.18146
4.46 2.47102 1.18028 -1.21063
4.47 2.45663 1.16201 -1.23917
4.48 2.44214 1.14344 -1.2671
4.49 2.42758 1.12459 -1.2944
4.5 2.41298 1.10546 -1.32107
4.51 2.39835 1.08608 -1.34712
4.52 2.38371 1.06645 -1.37254
4.53 2.36908 1.04659 -1.39734
4.54 2.35449 1.02651 -1.42151
4.55 2.33995 1.00622 -1.44505
4.56 2.32548 0.985735 -1.46797
4.57 2.3111 0.965069 -1.49028
4.58 2.29682 0.944233 -1.51197
4.59 2.28267 0.923237 -1.53304
4.6 2.26865 0.90209 -1.55351
4.61 2.2548 0.880805 -1.57337
4.62 2.24111 0.859389 -1.59263
4.63 2.22761 0.837853 -1.61129
4.64 2.21431 0.816206 -1.62936
4.65 2.20123 0.794455 -1.64685
4.66 2.18837 0.77261 -1.66376
4.67 2.17576 0.750677 -1.68009
4.68 2.1634 0.728664 -1.69585
4.69 2.15131 0.706578 -1.71106
4.7 2.1395 0.684425 -1.7257
4.71 2.12798 0.662212 -1.73979
4.72 2.11676 0.639943 -1.75334
4.73 2.10585 0.617625 -1.76634
4.74 2.09526 0.595263 -1.77882
4.75 2.085 0.57286 -1.79076
4.76 2.07508 0.550422 -1.80218
4.77 2.06551 0.527953 -1.81309
4.78 2.0563 0.505455 -1.82348
4.79 2.04744 0.482933 -1.83337
4.8 2.03896 0.460389 -1.84275
4.81 2.03085 0.437826 -1.85165
4.82 2.02313 0.415248 -1.86005
4.83 2.01579 0.392655 -1.86796
4.84 2.00885 0.370051 -1.8754
4.85 2.00231 0.347436 -1.88235
4.86 1.99618 0.324814 -1.88884
4.87 1.99045 0.302184 -1.89485
4.88 1.98514 0.279549 -1.9004
4.89 1.98024 0.256909 -1.90549
4.9 1.97577 0.234265 -1.91012
4.91 1.97172 0.211618 -1.91429
4.92 1.96809 0.188969 -1.91801
4.93 1.9649 0.166319 -1.92128
4.94 1.96213 0.143667 -1.9241
4.95 1.9598 0.121014 -1.92647
4.96 1.95791 0.0983601 -1.92839
4.97 1.95644 0.075706 -1.92987
4.98 1.95542 0.0530515 -1.93091
4.99 1.95483 0.0303969 -1.93151
5 1.95468 0.00774225 -1.93166
5.01 1.95497 -0.0149123 -1.93137
5.02 1.9557 -0.0375667 -1.93063
5.03 1.95686 -0.0602207 -1.92945
5.04 1.95846 -0.0828741 -1.92783
5.05 1.96049 -0.105527 -1.92576
5.06 1.96295 -0.128178 -1.92324
5.07 1.96585 -0.150828 -1.92028
5.08 1.96918 -0.173476 -1.91686
5.09 1.97293 -0.196121 -1.91299
5.1 1.9771 -0.218763 -1.90867
5.11 1.9817 -0.2414 -1.90388
5.12 1.98671 -0.264033 -1.89864
5.13 1.99214 -0.286659 -1.89293
5.14 1.99797 -0.309277 -1.88675
5.15 2.00421 -0.331885 -1.8801
5.16 2.01085 -0.354483 -1.87297
5.17 2.01789 -0.377067 -1.86536
5.18 2.02531 -0.399637 -1.85727
5.19 2.03311 -0.422188 -1.84868
5.2 2.04129 -0.444719 -1.83961
5.21 2.04984 -0.467227 -1.83003
5.22 2.05876 -0.489708 -1.81995
5.23 2.06802 -0.512158 -1.80935
5.24 2.07764 -0.534575 -1.79825
5.25 2.08759 -0.556953 -1.78662
5.26 2.09787 -0.579289 -1.77447
5.27 2.10847 -0.601577 -1.76178
5.28 2.11937 -0.623812 -1.74856
5.29 2.13058 -0.645989 -1.7348
5.3 2.14207 -0.668101 -1.72049
5.31 2.15385 -0.690143 -1.70562
5.32 2.16588 -0.712108 -1.6902
5.33 2.17817 -0.733988 -1.67421
5.34 2.1907 -0.755777 -1.65766
5.35 2.20345 -0.777466 -1.64053
5.36 2.21642 -0.799047 -1.62282
5.37 2.22958 -0.820511 -1.60452
5.38 2.24293 -0.84185 -1.58564
5.39 2.25645 -0.863054 -1.56616
5.4 2.27012 -0.884113 -1.54609
5.41 2.28393 -0.905017 -1.52542
5.42 2.29785 -0.925755 -1.50415
5.43 2.31188 -0.946316 -1.48227
5.44 2.32599 -0.966688 -1.45979
5.45 2.34017 -0.986861 -1.4367
5.46 2.35439 -1.00682 -1.41299
5.47 2.36865 -1.02656 -1.38868
5.48 2.38291 -1.04606 -1.36375
5.49 2.39717 -1.0653 -1.33821
5.5 2.4114 -1.08429 -1.31206
5.51 2.42557 -1.10299 -1.28531
5.52 2.43968 -1.12141 -1.25795
5.53 2.4537 -1.13951 -1.22999
5.54 2.4676 -1.1573 -1.20143
5.55 2.48137 -1.17476 -1.17228
5.56 2.49499 -1.19186 -1.14255
5.57 2.50843 -1.2086 -1.11223
5.58 2.52168 -1.22496 -1.08134
5.59 2.53471 -1.24093 -1.04989
5.6 2.5475 -1.25648 -1.01788
5.61 2.56003 -1.27162 -0.985325
5.62 2.57227 -1.28632 -0.952237
5.63 2.58422 -1.30056 -0.918628
5.64 2.59585 -1.31434 -0.88451
5.65 2.60713 -1.32763 -0.849897
5.66 2.61805 -1.34043 -0.814803
5.67 2.62859 -1.35272 -0.779246
5.68 2.63873 -1.36449 -0.743241
5.69 2.64846 -1.37572 -0.706805
5.7 2.65775 -1.3864 -0.669958
5.71 2.66658 -1.39653 -0.632719
5.72 2.67495 -1.40608 -0.595107
5.73 2.68283 -1.41505 -0.557144
5.74 2.69022 -1.42342 -0.518851
5.75 2.69709 -1.43119 -0.48025
5.76 2.70344 -1.43835 -0.441365
5.77 2.70925 -1.44489 -0.402219
5.78 2.71452 -1.4508 -0.362837
5.79 2.71922 -1.45607 -0.323243
5.8 2.72336 -1.4607 -0.283463
5.81 2.72693 -1.46469 -0.243522
5.82 2.72992 -1.46802 -0.203446
5.83 2.73232 -1.4707 -0.163262
5.84 2.73413 -1.47272 -0.122996
5.85 2.73535 -1.47407 -0.0826751
5.86 2.73597 -1.47477 -0.0423258
5.87 2.736 -1.4748 -0.0019753
5.88 2.73544 -1.47417 0.0383497
5.89 2.73428 -1.47288 0.0786223
5.9 2.73253 -1.47093 0.118816
5.91 2.7302 -1.46833 0.158904
5.92 2.72728 -1.46508 0.198861
5.93 2.7238 -1.46117 0.238661
5.94 2.71974 -1.45663 0.278277
5.95 2.71513 -1.45146 0.317686
5.96 2.70997 -1.44566 0.356863
5.97 2.70428 -1.43923 0.395784
5.98 2.69806 -1.4322 0.434426
5.99 2.69132 -1.42457 0.472765
6 2.68409 -1.41634 0.510781
6.01 2.67637 -1.40753 0.548452
6.02 2.66818 -1.39816 0.585757
6.03 2.65953 -1.38822 0.622677
6.04 2.65045 -1.37774 0.659194
6.05 2.64095 -1.36672 0.695288
6.06 2.63104 -1.35518 0.730943
6.07 2.62075 -1.34313 0.766144
6.08 2.6101 -1.33059 0.800873
6.09 2.59909 -1.31757 0.835118
6.1 2.58776 -1.30408 0.868865
6.11 2.57612 -1.29013 0.9021
6.12 2.5642 -1.27575 0.934813
6.13 2.552 -1.26095 0.966992
6.14 2.53956 -1.24573 0.998628
6.15 2.5269 -1.23012 1.02971
6.16 2.51402 -1.21412 1.06024
6.17 2.50097 -1.19777 1.09019
6.18 2.48774 -1.18105 1.11957
6.19 2.47438 -1.16401 1.14837
6.2 2.46089 -1.14663 1.17659
6.21 2.44729 -1.12895 1.20422
6.22 2.43361 -1.11097 1.23126
6.23 2.41987 -1.09271 1.2577
6.24 2.40608 -1.07418 1.28355
6.25 2.39227 -1.05539 1.30879
6.26 2.37845 -1.03637 1.33344
6.27 2.36464 -1.01711 1.35749
6.28 2.35086 -0.997627 1.38095
6.29 2.33714 -0.977942 1.4038
6.3 2.32347 -0.958062 1.42606
6.31 2.30989 -0.937997 1.44773
6.32 2.29641 -0.917759 1.4688
6.33 2.28305 -0.897358 1.48929
6.34 2.26982 -0.876805 1.50919
6.35 2.25673 -0.856108 1.52851
6.36 2.24381 -0.835278 1.54726
6.37 2.23106 -0.814322 1.56542
6.38 2.2185 -0.793251 1.58302
6.39 2.20615 -0.772071 1.60006
6.4 2.19401 -0.750791 1.61653
6.41 2.18211 -0.729418 1.63244
6.42 2.17044 -0.707959 1.64781
6.43 2.15903 -0.686421 1.66263
6.44 2.14788 -0.66481 1.67691
6.45 2.13701 -0.643133 1.69065
6.46 2.12642 -0.621394 1.70387
6.47 2.11613 -0.599599 1.71655
6.48 2.10614 -0.577754 1.72872
6.49 2.09646 -0.555862 1.74038
6.5 2.08711 -0.533928 1.75152
6.51 2.07809 -0.511957 1.76216
6.52 2.06941 -0.489951 1.7723
6.53 2.06107 -0.467915 1.78194
6.54 2.05308 -0.445851 1.7911
6.55 2.04546 -0.423763 1.79976
6.56 2.03819 -0.401653 1.80795
6.57 2.0313 -0.379524 1.81566
6.58 2.02479 -0.357378 1.8229
6.59 2.01866 -0.335218 1.82966
6.6 2.01291 -0.313044 1.83596
6.61 2.00755 -0.290859 1.8418
6.62 2.00259 -0.268664 1.84718
6.63 1.99802 -0.246461 1.85211
6.64 1.99386 -0.22425 1.85658
6.65 1.9901 -0.202033 1.8606
6.66 1.98675 -0.179812 1.86417
6.67 1.98381 -0.157585 1.8673
6.68 1.98128 -0.135356 1.86998
6.69 1.97916 -0.113123 1.87222
6.7 1.97745 -0.0908885 1.87402
6.71 1.97617 -0.0686522 1.87537
6.72 1.9753 -0.0464149 1.87629
6.73 1.97484 -0.024177 1.87677
6.74 1.97481 -0.00193899 1.87681
6.75 1.97519 0.0202985 1.8764
6.76 1.97598 0.042535 1.87556
6.77 1.9772 0.06477 1.87428
6.78 1.97883 0.0870029 1.87256
6.79 1.98087 0.109233 1.8704
6.8 1.98333 0.13146 1.86779
6.81 1.98619 0.153682 1.86474
6.82 1.98947 0.175899 1.86124
6.83 1.99315 0.19811 1.85729
6.84 1.99723 0.220314 1.85289
6.85 2.00171 0.24251 1.84804
6.86 2.00659 0.264695 1.84272
6.87 2.01186 0.286869 1.83695
6.88 2.01751 0.30903 1.83072
6.89 2.02355 0.331176 1.82402
6.9 2.02997 0.353305 1.81684
6.91 2.03677 0.375415 1.8092
6.92 2.04392 0.397502 1.80107
6.93 2.05145 0.419565 1.79247
6.94 2.05932 0.4416 1.78337
6.95 2.06754 0.463604 1.77379
6.96 2.07611 0.485574 1.76371
6.97 2.08501 0.507506 1.75312
6.98 2.09423 0.529395 1.74204
6.99 2.10377 0.551238 1.73044
7 2.11361 0.573029 1.71833
7.01 2.12376 0.594764 1.7057
7.02 2.13419 0.616438 1.69254
7.03 2.1449 0.638043 1.67886
7.04 2.15588 0.659576 1.66464
7.05 2.16712 0.681029 1.64988
7.06 2.1786 0.702395 1.63458
7.07 2.19031 0.723669 1.61873
7.08 2.20225 0.744841 1.60232
7.09 2.21439 0.765905 1.58536
7.1 2.22673 0.786851 1.56784
7.11 2.23925 0.807673 1.54976
7.12 2.25193 0.828361 1.5311
7.13 2.26476 0.848905 1.51188
7.14 2.27773 0.869296 1.49208
7.15 2.29082 0.889525 1.4717
7.16 2.30402 0.90958 1.45074
7.17 2.3173 0.929451 1.4292
7.18 2.33066 0.949128 1.40708
7.19 2.34407 0.968598 1.38438
7.2 2.35751 0.987851 1.36109
7.21 2.37098 1.00687 1.33722
7.22 2.38444 1.02566 1.31276
7.23 2.39789 1.04418 1.28772
7.24 2.4113 1.06244 1.2621
7.25 2.42465 1.08042 1.23591
7.26 2.43793 1.09811 1.20914
7.27 2.45111 1.11549 1.18179
7.28 2.46418 1.13255 1.15389
7.29 2.47711 1.14928 1.12542
7.3 2.48989 1.16566 1.09639
7.31 2.5025 1.18167 1.06682
7.32 2.51491 1.19732 1.03671
7.33 2.52711 1.21257 1.00607
7.34 2.53908 1.22742 0.974902
7.35 2.55079 1.24186 0.943225
7.36 2.56223 1.25587 0.911046
7.37 2.57338 1.26943 0.878379
7.38 2.58422 1.28253 0.845236
7.39 2.59474 1.29517 0.811629
7.4 2.6049 1.30732 0.777575
7.41 2.6147 1.31898 0.743088
7.42 2.62412 1.33013 0.708183
7.43 2.63314 1.34076 0.672879
7.44 2.64175 1.35086 0.637193
7.45 2.64993 1.36042 0.601143
7.46 2.65766 1.36942 0.564748
7.47 2.66494 1.37787 0.528029
7.48 2.67174 1.38574 0.491005
7.49 2.67806 1.39303 0.453699
7.5 2.68389 1.39973 0.416132
7.51 2.68921 1.40583 0.378326
7.52 2.69401 1.41133 0.340305
7.53 2.69829 1.41623 0.302091
7.54 2.70203 1.4205 0.263709
7.55 2.70524 1.42416 0.225182
7.56 2.7079 1.42719 0.186535
7.57 2.71002 1.42959 0.147793
7.58 2.71157 1.43136 0.10898
7.59 2.71258 1.4325 0.0701225
7.6 2.71303 1.43301 0.0312445
7.61 2.71292 1.43289 -0.00762855
7.62 2.71225 1.43213 -0.0464716
7.63 2.71103 1.43075 -0.0852595
7.64 2.70926 1.42873 -0.123968
7.65 2.70694 1.42609 -0.162571
7.66 2.70408 1.42283 -0.201045
7.67 2.70069 1.41895 -0.239367
7.68 2.69676 1.41446 -0.277511
7.69 2.69231 1.40936 -0.315456
7.7 2.68736 1.40367 -0.353177
7.71 2.6819 1.39738 -0.390654
7.72 2.67595 1.39051 -0.427863
7.73 2.66952 1.38307 -0.464784
7.74 2.66263 1.37506 -0.501397
7.75 2.65528 1.36649 -0.537681
7.76 2.64749 1.35738 -0.573618
7.77 2.63928 1.34773 -0.609188
7.78 2.63066 1.33756 -0.644375
7.79 2.62165 1.32688 -0.679161
7.8 2.61226 1.3157 -0.713531
7.81 2.60252 1.30402 -0.747468
7.82 2.59243 1.29188 -0.780959
7.83 2.58201 1.27927 -0.81399
7.84 2.5713 1.26621 -0.846548
7.85 2.56029 1.25271 -0.87862
7.86 2.54901 1.23879 -0.910197
7.87 2.53749 1.22446 -0.941268
7.88 2.52573 1.20973 -0.971822
7.89 2.51376 1.19462 -1.00185
7.9 2.5016 1.17914 -1.03135
7.91 2.48927 1.1633 -1.06031
7.92 2.47678 1.14712 -1.08872
7.93 2.46415 1.13061 -1.11658
7.94 2.45141 1.11379 -1.14388
7.95 2.43858 1.09666 -1.17063
7.96 2.42566 1.07924 -1.1968
7.97 2.41268 1.06155 -1.22242
7.98 2.39967 1.04359 -1.24746
7.99 2.38662 1.02537 -1.27193
8 2.37358 1.00692 -1.29583
8.01 2.36054 0.988235 -1.31916
8.02 2.34753 0.969334 -1.34191
8.03 2.33457 0.950226 -1.3641
8.04 2.32167 0.930923 -1.38571
8.05 2.30885 0.911436 -1.40675
8.06 2.29612 0.891773 -1.42723
8.07 2.2835 0.871946 -1.44714
8.08 2.27101 0.851963 -1.46649
8.09 2.25865 0.831835 -1.48528
8.1 2.24645 0.81157 -1.50351
8.11 2.23442 0.791176 -1.52119
8.12 2.22256 0.770662 -1.53832
8.13 2.2109 0.750036 -1.5549
8.14 2.19944 0.729304 -1.57094
8.15 2.1882 0.708476 -1.58644
8.16 2.17719 0.687556 -1.60141
8.17 2.16642 0.666553 -1.61585
8.18 2.1559 0.645471 -1.62977
8.19 2.14564 0.624317 -1.64316
8.2 2.13565 0.603097 -1.65604
8.21 2.12595 0.581815 -1.66841
8.22 2.11653 0.560477 -1.68027
8.23 2.10741 0.539087 -1.69164
8.24 2.0986 0.51765 -1.7025
8.25 2.0901 0.496169 -1.71287
8.26 2.08192 0.47465 -1.72275
8.27 2.07407 0.453094 -1.73215
8.28 2.06656 0.431506 -1.74107
8.29 2.05939 0.409888 -1.74951
8.3 2.05257 0.388244 -1.75748
8.31 2.0461 0.366576 -1.76498
8.32 2.03998 0.344887 -1.77201
8.33 2.03424 0.323179 -1.77859
8.34 2.02886 0.301453 -1.7847
8.35 2.02385 0.279713 -1.79036
8.36 2.01922 0.257959 -1.79557
8.37 2.01496 0.236193 -1.80033
8.38 2.0111 0.214417 -1.80464
8.39 2.00761 0.192633 -1.80851
8.4 2.00452 0.17084 -1.81194
8.41 2.00181 0.149042 -1.81492
8.42 1.9995 0.127238 -1.81746
8.43 1.99758 0.105429 -1.81957
8.44 1.99606 0.0836174 -1.82124
8.45 1.99493 0.0618032 -1.82247
8.46 1.9942 0.0399874 -1.82327
8.47 1.99387 0.0181709 -1.82363
8.48 1.99394 -0.00364547 -1.82356
8.49 1.9944 -0.0254608 -1.82305
8.5 1.99526 -0.0472743 -1.82211
8.51 1.99652 -0.069085 -1.82073
8.52 1.99817 -0.090892 -1.81891
8.53 2.00022 -0.112694 -1.81666
8.54 2.00266 -0.134491 -1.81396
8.55 2.00549 -0.15628 -1.81083
8.56 2.00871 -0.178062 -1.80725
8.57 2.01231 -0.199834 -1.80323
8.58 2.0163 -0.221595 -1.79876
8.59 2.02066 -0.243344 -1.79385
8.6 2.0254 -0.265078 -1.78848
8.61 2.03052 -0.286796 -1.78265
8.62 2.036 -0.308496 -1.77637
8.63 2.04184 -0.330176 -1.76963
8.64 2.04804 -0.351833 -1.76243
8.65 2.05459 -0.373465 -1.75475
8.66 2.06149 -0.395069 -1.74661
8.67 2.06874 -0.416641 -1.73799
8.68 2.07631 -0.43818 -1.72889
8.69 2.08421 -0.45968 -1.71931
8.7 2.09244 -0.481139 -1.70924
8.71 2.10097 -0.502552 -1.69868
8.72 2.10982 -0.523916 -1.68763
8.73 2.11896 -0.545225 -1.67608
8.74 2.12838 -0.566475 -1.66402
8.75 2.13809 -0.587661 -1.65146
8.76 2.14806 -0.608777 -1.63838
8.77 2.15829 -0.629818 -1.62479
8.78 2.16878 -0.650777 -1.61067
8.79 2.1795 -0.671648 -1.59603
8.8 2.19044 -0.692425 -1.58087
8.81 2.2016 -0.7131 -1.56517
8.82 2.21297 -0.733666 -1.54893
8.83 2.22452 -0.754116 -1.53216
8.84 2.23625 -0.774442 -1.51484
8.85 2.24815 -0.794634 -1.49697
8.86 2.26019 -0.814685 -1.47856
8.87 2.27238 -0.834586 -1.45959
8.88 2.28468 -0.854326 -1.44008
8.89 2.29709 -0.873897 -1.42
8.9 2.30959 -0.893289 -1.39937
8.91 2.32216 -0.912491 -1.37818
8.92 2.3348 -0.931493 -1.35643
8.93 2.34748 -0.950284 -1.33412
8.94 2.36018 -0.968853 -1.31126
8.95 2.37289 -0.987188 -1.28783
8.96 2.3856 -1.00528 -1.26385
8.97 2.39828 -1.02311 -1.23931
8.98 2.41092 -1.04068 -1.21422
8.99 2.42349 -1.05796 -1.18858
9 2.43598 -1.07495 -1.1624
9.01 2.44838 -1.09163 -1.13567
9.02 2.46066 -1.108 -1.10841
9.03 2.47281 -1.12403 -1.08061
9.04 2.4848 -1.13972 -1.05229
9.05 2.49662 -1.15505 -1.02346
9.06 2.50826 -1.17001 -0.994108
9.07 2.51968 -1.18459 -0.96426
9.08 2.53087 -1.19877 -0.933921
9.09 2.54182 -1.21254 -0.9031
9.1 2.55251 -1.22589 -0.871809
9.11 2.56292 -1.23881 -0.84006
9.12 2.57303 -1.25128 -0.807864
9.13 2.58282 -1.2633 -0.775235
9.14 2.59228 -1.27484 -0.742187
9.15 2.6014 -1.2859 -0.708736
9.16 2.61015 -1.29647 -0.674896
9.17 2.61852 -1.30654 -0.640684
9.18 2.62649 -1.31609 -0.606117
9.19 2.63406 -1.32512 -0.571213
9.2 2.64121 -1.33361 -0.535989
9.21 2.64793 -1.34156 -0.500465
9.22 2.65419 -1.34896 -0.464661
9.23 2.66 -1.3558 -0.428597
9.24 2.66535 -1.36208 -0.392293
9.25 2.67021 -1.36778 -0.35577
9.26 2.67459 -1.3729 -0.319051
9.27 2.67848 -1.37743 -0.282156
9.28 2.68187 -1.38138 -0.24511
9.29 2.68475 -1.38473 -0.207933
9.3 2.68711 -1.38748 -0.17065
9.31 2.68897 -1.38963 -0.133284
9.32 2.6903 -1.39118 -0.095857
9.33 2.69111 -1.39212 -0.0583935
9.34 2.6914 -1.39246 -0.0209169
9.35 2.69117 -1.39219 0.0165493
9.36 2.69042 -1.39132 0.0539816
9.37 2.68915 -1.38984 0.0913566
9.38 2.68737 -1.38777 0.128651
9.39 2.68507 -1.3851 0.165842
9.4 2.68227 -1.38183 0.202906
9.41 2.67896 -1.37798 0.239822
9.42 2.67516 -1.37354 0.276566
9.43 2.67088 -1.36852 0.313117
9.44 2.66611 -1.36293 0.349455
9.45 2.66088 -1.35677 0.385557
9.46 2.65519 -1.35006 0.421404
9.47 2.64906 -1.3428 0.456975
9.48 2.64249 -1.33499 0.492252
9.49 2.63549 -1.32666 0.527216
9.5 2.62809 -1.3178 0.561849
9.51 2.62029 -1.30842 0.596133
9.52 2.61211 -1.29855 0.630053
9.53 2.60356 -1.28818 0.663591
9.54 2.59466 -1.27734 0.696734
9.55 2.58542 -1.26602 0.729466
9.56 2.57587 -1.25425 0.761774
9.57 2.56601 -1.24203 0.793644
9.58 2.55587 -1.22938 0.825065
9.59 2.54546 -1.2163 0.856026
9.6 2.53479 -1.20282 0.886515
9.61 2.5239 -1.18894 0.916522
9.62 2.51278 -1.17468 0.94604
9.63 2.50147 -1.16004 0.975058
9.64 2.48998 -1.14505 1.00357
9.65 2.47833 -1.12971 1.03157
9.66 2.46653 -1.11404 1.05905
9.67 2.4546 -1.09804 1.086
9.68 2.44257 -1.08174 1.11242
9.69 2.43045 -1.06514 1.13831
9.7 2.41825 -1.04826 1.16366
9.71 2.40599 -1.0311 1.18847
9.72 2.3937 -1.01368 1.21273
9.73 2.38139 -0.996015 1.23645
9.74 2.36907 -0.97811 1.25962
9.75 2.35676 -0.959978 1.28225
9.76 2.34447 -0.941631 1.30432
9.77 2.33224 -0.923078 1.32585
9.78 2.32006 -0.904329 1.34683
9.79 2.30795 -0.885396 1.36727
9.8 2.29593 -0.866287 1.38715
9.81 2.28402 -0.847012 1.4065
9.82 2.27222 -0.82758 1.4253
9.83 2.26056 -0.808001 1.44357
9.84 2.24904 -0.788282 1.4613
9.85 2.23768 -0.768431 1.47849
9.86 2.22649 -0.748457 1.49516
9.87 2.21548 -0.728368 1.5113
9.88 2.20467 -0.70817 1.52691
9.89 2.19406 -0.687871 1.542
9.9 2.18367 -0.667476 1.55658
9.91 2.17351 -0.646994 1.57064
9.92 2.16359 -0.626428 1.58419
9.93 2.15391 -0.605786 1.59724
9.94 2.14449 -0.585073 1.60979
9.95 2.13534 -0.564294 1.62184
9.96 2.12646 -0.543454 1.63339
9.97 2.11787 -0.522558 1.64446
9.98 2.10957 -0.501609 1.65504
9.99 2.10156 -0.480613 1.66514
10 2.09387 -0.459572 1.67476
