0.000000000000000e+00 2.000000000000000e+00 5.000000000000000e-01 2.000000000000000e+00
1.000000000000000e-01 2.120054291476108e+00 7.394420897533767e-01 1.872263246788979e+00
2.000000000000000e-01 2.272611181702350e+00 9.740880781369192e-01 1.683817531300891e+00
3.000000000000000e-01 2.441738991955240e+00 1.194669515459607e+00 1.427558528631366e+00
4.000000000000000e-01 2.605517940566450e+00 1.386796231378975e+00 1.100593583251076e+00
5.000000000000000e-01 2.738221133981037e+00 1.532536768754321e+00 7.086582760818075e-01
6.000000000000001e-01 2.815602590130376e+00 1.614470629336124e+00 2.691655739363159e-01
7.000000000000001e-01 2.822070794115290e+00 1.621230993369997e+00 -1.896984581605150e-01
8.000000000000000e-01 2.756273165930109e+00 1.551827407357839e+00 -6.348301880786580e-01
9.000000000000000e-01 2.631613714776665e+00 1.416046443887972e+00 -1.036643825927799e+00
1.000000000000000e+00 2.471355655804976e+00 1.230660184051717e+00 -1.375642445011022e+00
1.100000000000000e+00 2.301431599467238e+00 1.013868098365162e+00 -1.644196275876225e+00
1.200000000000000e+00 2.144666650218356e+00 7.808591380577985e-01 -1.844006986710716e+00
1.300000000000000e+00 2.018072091263013e+00 5.418097512092426e-01 -1.981751129211428e+00
1.400000000000000e+00 1.932700652727785e+00 3.019774665131018e-01 -2.065095742161204e+00
1.500000000000000e+00 1.894715545466920e+00 6.293095503795673e-02 -2.100001442649478e+00
1.600000000000000e+00 1.906536392416571e+00 -1.758417205713701e-01 -2.089275541711009e+00
1.700000000000000e+00 1.967431056663138e+00 -4.152844506031303e-01 -2.032035352530564e+00
1.800000000000000e+00 2.073326833302440e+00 -6.551318994775520e-01 -1.923867940593927e+00
1.900000000000000e+00 2.215907532376794e+00 -8.922612281765275e-01 -1.757756377140280e+00
2.000000000000000e+00 2.381394542742469e+00 -1.119195498188232e+00 -1.526080187361381e+00
2.100000000000000e+00 2.549882347746822e+00 -1.323292666368970e+00 -1.223958904154157e+00
2.200000000000000e+00 2.696544165394390e+00 -1.487534990830130e+00 -8.536075229498308e-01
2.300000000000000e+00 2.795834170739400e+00 -1.593722273999499e+00 -4.281671733667535e-01
2.400000000000000e+00 2.828297038322809e+00 -1.627724921698977e+00 2.755196260308210e-02
2.500000000000000e+00 2.787184257773022e+00 -1.584603464385290e+00 4.812646064883509e-01
2.600000000000000e+00 2.681010222752920e+00 -1.470587629402035e+00 9.012041326063541e-01
2.700000000000000e+00 2.530348812608603e+00 -1.300595773630218e+00 1.263838665473936e+00
2.800000000000000e+00 2.360983803736798e+00 -1.092935777910728e+00 1.557460506086143e+00
2.900000000000000e+00 2.197310148462380e+00 -8.642187489195554e-01 1.780938072661959e+00
3.000000000000000e+00 2.058513358527823e+00 -6.264687824014918e-01 1.939698031347378e+00
3.100000000000000e+00 1.957661200132775e+00 -3.865778581467819e-01 2.041437490926268e+00
3.200000000000000e+00 1.902497817358934e+00 -1.472416635650751e-01 2.092942224247421e+00
3.300000000000000e+00 1.896660249666596e+00 9.150624061862862e-02 2.098233912534089e+00
3.400000000000000e+00 1.940509110287466e+00 3.306442051702542e-01 2.057748687454709e+00
3.500000000000000e+00 2.031221991416573e+00 5.705221752007303e-01 1.968258533887749e+00
3.600000000000000e+00 2.162116932369215e+00 8.092116845451148e-01 1.823500845005776e+00
3.700000000000000e+00 2.321472887345239e+00 1.040917332568194e+00 1.615757833868416e+00
3.800000000000000e+00 2.491536803923640e+00 1.254834854260578e+00 1.338718037708033e+00
3.900000000000000e+00 2.648907731398217e+00 1.435260115320332e+00 9.915788740867992e-01
4.000000000000000e+00 2.767615744153779e+00 1.563889084578318e+00 5.833225187100887e-01
4.100000000000001e+00 2.825206238849314e+00 1.624498476899178e+00 1.348505278198637e-01
4.200000000000000e+00 2.809871430832337e+00 1.608460495475438e+00 -3.234081360322779e-01
4.300000000000000e+00 2.724814647386320e+00 1.518121630285809e+00 -7.585069817398935e-01
4.400000000000000e+00 2.587026795194684e+00 1.365855012388539e+00 -1.143332329878421e+00
4.500000000000000e+00 2.421296225359220e+00 1.169424060216368e+00 -1.461920859585670e+00
4.600000000000001e+00 2.253111917983802e+00 9.465016880773774e-01 -1.709782329371792e+00
4.700000000000000e+00 2.103733004006224e+00 7.109007995384438e-01 -1.890546747400089e+00
4.800000000000001e+00 1.988353446259298e+00 4.712729040449852e-01 -2.011543532029856e+00
4.900000000000000e+00 1.916457196387637e+00 2.316361868185505e-01 -2.080155986266248e+00
5.000000000000000e+00 1.893005262953972e+00 -7.223730957145846e-03 -2.101520628229096e+00
5.100000000000001e+00 1.919462951406875e+00 -2.461156596474237e-01 -2.077382923505298e+00
5.200000000000000e+00 1.994171598758800e+00 -4.857987866594879e-01 -2.005775823292527e+00
5.300000000000001e+00 2.111930363639174e+00 -7.253376835418300e-01 -1.881384309004198e+00
5.400000000000000e+00 2.262940813014603e+00 -9.604685441148529e-01 -1.696749412462367e+00
5.500000000000000e+00 2.431636778823191e+00 -1.182228758269324e+00 -1.444649236523768e+00
5.600000000000001e+00 2.596422123071639e+00 -1.376511214779510e+00 -1.121819011873613e+00
5.700000000000000e+00 2.731679168404015e+00 -1.525505648467546e+00 -7.333731467511275e-01
5.800000000000001e+00 2.812881607066833e+00 -1.611612553891440e+00 -2.960092090657067e-01
5.900000000000000e+00 2.823736097146790e+00 -1.622960033372448e+00 1.626068184015103e-01
6.000000000000000e+00 2.761973822404876e+00 -1.557886567151562e+00 6.094343360270296e-01
6.100000000000001e+00 2.640218112184299e+00 -1.425612673875061e+00 1.014459634283759e+00
6.200000000000000e+00 2.481344999397090e+00 -1.242648947793202e+00 1.357489040761841e+00
6.300000000000001e+00 2.311315435981935e+00 -1.027254119911124e+00 1.630229354537825e+00
6.400000000000000e+00 2.153243470522015e+00 -7.948749255056106e-01 1.833945691366963e+00
6.500000000000000e+00 2.024506796259251e+00 -5.559976299695230e-01 1.975140961270424e+00
6.600000000000001e+00 1.936486203779174e+00 -3.161433047018597e-01 2.061511667572475e+00
6.700000000000000e+00 1.895599022521911e+00 -7.705567965837520e-02 2.099169915350738e+00
6.800000000000001e+00 1.904462734947532e+00 1.616998160192081e-01 2.091131746766052e+00
6.900000000000000e+00 1.962529045761084e+00 4.010867280951844e-01 2.036734987235516e+00
7.000000000000000e+00 2.065942156370171e+00 6.409569540578279e-01 1.931758781941744e+00
7.100000000000001e+00 2.206670993580479e+00 8.784013675038035e-01 1.769297475497627e+00
7.200000000000000e+00 2.371290135833289e+00 1.106233868356313e+00 1.541687437341475e+00
7.300000000000001e+00 2.540249028763767e+00 1.312117142750712e+00 1.243770939646675e+00
7.400000000000000e+00 2.688928411376541e+00 1.479229729115661e+00 8.772205597121531e-01
7.500000000000000e+00 2.791653948234782e+00 1.589309680439355e+00 4.544668494966634e-01
7.600000000000001e+00 2.828405945321790e+00 1.627828732174023e+00 -3.054651735777680e-04
7.700000000000000e+00 2.791557891989904e+00 1.589205963484215e+00 -4.550542977873961e-01
7.800000000000001e+00 2.688756066636895e+00 1.479037345142907e+00 -8.777438887927319e-01
7.900000000000000e+00 2.540032693032920e+00 1.311860248660286e+00 -1.244204948135322e+00
8.000000000000000e+00 2.371064779421102e+00 1.105937736829767e+00 -1.542023923232821e+00
8.100000000000000e+00 2.206466718055829e+00 8.780864341841252e-01 -1.769540772798293e+00
8.200000000000001e+00 2.065780898165383e+00 6.406364354495180e-01 -1.931919295846865e+00
8.300000000000001e+00 1.962424637971287e+00 4.007670783553816e-01 -2.036823732113743e+00
8.400000000000000e+00 1.904422464555380e+00 1.613826143804226e-01 -2.091156881092077e+00
8.500000000000000e+00 1.895625176213962e+00 -7.737142978195040e-02 -2.099135015822552e+00
8.600000000000000e+00 1.936576794290237e+00 -3.164588781952222e-01 -2.061415196286493e+00
8.700000000000001e+00 2.024655211983951e+00 -5.563123165543212e-01 -1.974976637949770e+00
8.800000000000001e+00 2.153437204684676e+00 -7.951837821906407e-01 -1.833703909293674e+00
8.900000000000000e+00 2.311534532310944e+00 -1.027546001022341e+00 -1.629900110436556e+00
9.000000000000000e+00 2.481561499260138e+00 -1.242905620455628e+00 -1.357066765762023e+00
9.100000000000000e+00 2.640398294805475e+00 -1.425810327667026e+00 -1.013949396898411e+00
9.200000000000001e+00 2.762084534741793e+00 -1.558000751184873e+00 -6.088570675380169e-01
9.300000000000001e+00 2.823754185735685e+00 -1.622973272384139e+00 -1.619996821816163e-01
9.400000000000000e+00 2.812802262522087e+00 -1.611521216722844e+00 2.965999231409802e-01
9.500000000000000e+00 2.731518049720464e+00 -1.525321753021271e+00 7.339043016731113e-01
9.600000000000001e+00 2.596209699166510e+00 -1.376257819712091e+00 1.122261335333858e+00
9.700000000000001e+00 2.431408528429472e+00 -1.181932002364678e+00 1.444991009054170e+00
9.800000000000001e+00 2.262728638441313e+00 -9.601508061533542e-01 1.696993182244121e+00
9.900000000000000e+00 2.111758140361935e+00 -7.250142393402293e-01 1.881540440579461e+00
1.000000000000000e+01 1.994054574740778e+00 -4.854777024039537e-01 2.005856472942221e+00
