0.000000000000000e+00 2.000000000000000e+00 5.000000000000000e-01 2.000000000000000e+00
5.000000000000000e-02 2.055207369198108e+00 6.199405605730088e-01 1.943224811641209e+00
1.000000000000000e-01 2.120053341624221e+00 7.394426759231864e-01 1.872264369081502e+00
1.500000000000000e-01 2.193117642343914e+00 8.578220053171384e-01 1.786122938725993e+00
2.000000000000000e-01 2.272609041489760e+00 9.740895716895168e-01 1.683819613025943e+00
2.500000000000000e-01 2.356341456472675e+00 1.086925089290049e+00 1.564498514403915e+00
3.000000000000000e-01 2.441735640732506e+00 1.194672574470283e+00 1.427560216365231e+00
3.500000000000000e-01 2.525858872069377e+00 1.295367228883841e+00 1.272807390150945e+00
4.000000000000000e-01 2.605513535951135e+00 1.386801537990191e+00 1.100591479302963e+00
4.500000000000000e-01 2.677380611201888e+00 1.466634850283966e+00 9.119409053379670e-01
5.000000000000000e-01 2.738215385337496e+00 1.532544068582256e+00 7.086468865189566e-01
5.500000000000000e-01 2.785081079681997e+00 1.582404135545266e+00 4.932828214981909e-01
6.000000000000001e-01 2.815593907058144e+00 1.614477637224502e+00 2.691393279712977e-01
6.500000000000000e-01 2.828144203670748e+00 1.627586016580169e+00 4.006978919276724e-02
7.000000000000001e-01 2.822056567203138e+00 1.621233603619854e+00 -1.897415208014624e-01
7.500000000000000e-01 2.797659582282084e+00 1.595661626702441e+00 -4.160595610961229e-01
8.000000000000000e-01 2.756251713812531e+00 1.551821791729016e+00 -6.348862216259898e-01
8.500000000000001e-01 2.699969976834592e+00 1.491274557293732e+00 -8.427130606103667e-01
9.000000000000000e-01 2.631586019776755e+00 1.416031226779543e+00 -1.036705009335086e+00
9.500000000000001e-01 2.554265112835012e+00 1.328367417779867e+00 -1.214796724840222e+00
1.000000000000000e+00 2.471324974885893e+00 1.230636622462968e+00 -1.375701057730677e+00
1.050000000000000e+00 2.386024592944708e+00 1.125107365387514e+00 -1.518843800772044e+00
1.100000000000000e+00 2.301401701733262e+00 1.013838622367721e+00 -1.644247404847293e+00
1.150000000000000e+00 2.220165404273908e+00 8.985987917431443e-01 -1.752388233712397e+00
1.200000000000000e+00 2.144640527681776e+00 7.808259345477709e-01 -1.844048726745190e+00
1.250000000000000e+00 2.076754097188617e+00 6.616222908085900e-01 -1.920179934580185e+00
1.300000000000000e+00 2.018051719970111e+00 5.417741939312407e-01 -1.981783478572637e+00
1.350000000000000e+00 1.969731805883755e+00 4.217887521514400e-01 -2.029816519399672e+00
1.400000000000000e+00 1.932687284916295e+00 3.019401662772730e-01 -2.065119455177492e+00
1.450000000000000e+00 1.907546838601381e+00 1.823205430410457e-01 -2.088363854401059e+00
1.500000000000000e+00 1.894709992884647e+00 6.289201807875511e-02 -2.100017283888985e+00
1.550000000000000e+00 1.894372392292478e+00 -5.646136947625965e-02 -2.100321831730804e+00
1.600000000000000e+00 1.906539106117928e+00 -1.758824288830655e-01 -2.089283893414772e+00
1.650000000000000e+00 1.931024981769062e+00 -2.954898683891981e-01 -2.066673910093582e+00
1.700000000000000e+00 1.967442020424976e+00 -4.153270757233672e-01 -2.032036023934277e+00
1.750000000000000e+00 2.015174704626799e+00 -5.353102759963649e-01 -1.984708895336288e+00
1.800000000000000e+00 2.073345356207883e+00 -6.551763950204214e-01 -1.923860060385759e+00
1.850000000000000e+00 2.140773111119471e+00 -7.744321105609926e-01 -1.848537000333992e+00
1.900000000000000e+00 2.215932046639273e+00 -8.923071797920958e-01 -1.757738277021878e+00
1.950000000000000e+00 2.296916313206701e+00 -1.007717073895567e+00 -1.650507306079285e+00
2.000000000000000e+00 2.381422492649681e+00 -1.119241950040720e+00 -1.526049207345945e+00
2.050000000000000e+00 2.466761193158803e+00 -1.225130535179106e+00 -1.383867398766299e+00
2.100000000000000e+00 2.549910141589585e+00 -1.323337832955913e+00 -1.223911210525571e+00
2.150000000000000e+00 2.627618616341460e+00 -1.411603815742251e+00 -1.046719403748234e+00
2.200000000000000e+00 2.696567059747862e+00 -1.487575715766916e+00 -8.535384956212517e-01
2.250000000000000e+00 2.753575999938151e+00 -1.548969093069127e+00 -6.463913822042262e-01
2.300000000000000e+00 2.795846286533823e+00 -1.593753533793370e+00 -4.280733087380799e-01
2.350000000000000e+00 2.821201022122680e+00 -1.620339884736695e+00 -2.020603900843366e-01
2.400000000000000e+00 2.828292436318266e+00 -1.627740447908945e+00 2.766969513764810e-02
2.450000000000000e+00 2.816737889677698e+00 -1.615674324277350e+00 2.568874741590200e-01
2.500000000000000e+00 2.787159567668053e+00 -1.584598162250353e+00 4.813985450649467e-01
2.550000000000000e+00 2.741120179034992e+00 -1.535656347229555e+00 6.973252080928056e-01
2.600000000000000e+00 2.680967050935490e+00 -1.470560248503124e+00 9.013418190967243e-01
2.650000000000000e+00 2.609613364803186e+00 -1.391418834598237e+00 1.090833884038694e+00
2.700000000000000e+00 2.530293433956051e+00 -1.300549319191409e+00 1.263967850694526e+00
2.750000000000000e+00 2.446327686605726e+00 -1.200295579744814e+00 1.419675898892661e+00
2.800000000000000e+00 2.360924430820068e+00 -1.092875486423736e+00 1.557573112948743e+00
2.850000000000000e+00 2.277033392746770e+00 -9.802689756563945e-01 1.677830925916725e+00
2.900000000000000e+00 2.197254267355240e+00 -8.641496714730907e-01 1.781030891530528e+00
2.950000000000000e+00 2.123794646153357e+00 -7.458560719434101e-01 1.868018587370446e+00
3.000000000000000e+00 2.058466596321548e+00 -6.263944830131378e-01 1.939771198136060e+00
3.050000000000000e+00 2.002709490102862e+00 -5.064647122157941e-01 1.997286079663526e+00
3.100000000000000e+00 1.957627404419336e+00 -3.865002407122394e-01 2.041492574180643e+00
3.150000000000000e+00 1.924031415169753e+00 -2.667163060470869e-01 2.073185982603240e+00
3.200000000000000e+00 1.902479512452429e+00 -1.471613508982873e-01 2.092980825023538e+00
3.250000000000000e+00 1.893309109413922e+00 -2.776917282199716e-02 2.101280005700533e+00
3.300000000000000e+00 1.896658959850426e+00 9.158938691704682e-02 2.098256857394935e+00
3.350000000000000e+00 1.912478709859109e+00 2.110553367536577e-01 2.083847936557082e+00
3.400000000000000e+00 1.940525393851767e+00 3.307305640729258e-01 2.057755624978348e+00
3.450000000000000e+00 1.980347122298069e+00 4.506264476250164e-01 2.019460885396401e+00
3.500000000000000e+00 2.031255200281966e+00 5.706118520677437e-01 1.968247772080684e+00
3.550000000000000e+00 2.092287155981214e+00 6.903611231250009e-01 1.903242354035567e+00
3.600000000000000e+00 2.162164792945796e+00 8.093039942891381e-01 1.823469354084677e+00
3.650000000000000e+00 2.239253453894014e+00 9.265810387203176e-01 1.727929745161324e+00
3.700000000000000e+00 2.321531061877052e+00 1.041010297805968e+00 1.615701404770297e+00
3.750000000000000e+00 2.406577784451839e+00 1.151072647749927e+00 1.486062334367220e+00
3.800000000000000e+00 2.491598614231496e+00 1.254924741854474e+00 1.338631677988172e+00
3.850000000000000e+00 2.573490741770251e+00 1.350448180245646e+00 1.173517992976948e+00
3.900000000000000e+00 2.648964196043640e+00 1.435341041743328e+00 9.914577692358695e-01
3.950000000000000e+00 2.714717092624593e+00 1.507252482895324e+00 7.939217182078214e-01
4.000000000000000e+00 2.767656201486172e+00 1.563952955923192e+00 5.831641672975041e-01
4.050000000000000e+00 2.805141198733047e+00 1.603523096968466e+00 3.621942918706226e-01
4.100000000000001e+00 2.825220234129314e+00 1.624536074460788e+00 1.346580611099859e-01
4.150000000000000e+00 2.826819380986313e+00 1.626204306017219e+00 -9.536440556870975e-02
4.200000000000000e+00 2.809852251654354e+00 1.608464366316388e+00 -3.236235651098073e-01
4.250000000000000e+00 2.775228978348327e+00 1.571983943870291e+00 -5.459903206147860e-01
4.300000000000000e+00 2.724762815802066e+00 1.518089493893982e+00 -7.587279645316436e-01
4.350000000000001e+00 2.660992207828860e+00 1.448628433153720e+00 -9.587075119993762e-01
4.400000000000000e+00 2.586950436066707e+00 1.365790810744403e+00 -1.143541053803983e+00
4.450000000000000e+00 2.505920325014127e+00 1.271919571422236e+00 -1.311625390000880e+00
4.500000000000000e+00 2.421207748627884e+00 1.169335680505515e+00 -1.462104693634053e+00
4.550000000000000e+00 2.335957635396000e+00 1.060196645835762e+00 -1.594772218967775e+00
4.600000000000001e+00 2.253023825165475e+00 9.463974727360163e-01 -1.709935586579744e+00
4.650000000000000e+00 2.174893035903609e+00 8.295145701788008e-01 -1.808268800064595e+00
4.700000000000000e+00 2.103655411509736e+00 7.107871885242631e-01 -1.890669062022519e+00
4.750000000000000e+00 2.041010116355138e+00 5.911279802274899e-01 -1.958130028399073e+00
4.800000000000001e+00 1.988293590602259e+00 4.711537492801128e-01 -2.011637162202740e+00
4.850000000000001e+00 1.946519288566705e+00 3.512285433265309e-01 -2.052086289951989e+00
4.900000000000000e+00 1.916419921319529e+00 2.315131090387498e-01 -2.080223591374277e+00
4.950000000000000e+00 1.898485623258021e+00 1.120167481103327e-01 -2.096603888727840e+00
5.000000000000000e+00 1.892993604131603e+00 -7.350603730480937e-03 -2.101563883407028e+00
5.050000000000001e+00 1.900026558617153e+00 -1.267268810245043e-01 -2.095207535518734e+00
5.100000000000001e+00 1.919478404725498e+00 -2.462468818217136e-01 -2.077401785668692e+00
5.150000000000000e+00 1.951046943547672e+00 -3.659912247267586e-01 -2.047782050324495e+00
5.200000000000000e+00 1.994213964718601e+00 -4.859347727453341e-01 -2.005768217552287e+00
5.250000000000000e+00 2.048214367934820e+00 -6.058945148722951e-01 -1.950593083720886e+00
5.300000000000001e+00 2.111997215173220e+00 -7.254778556303453e-01 -1.881346133064129e+00
5.350000000000001e+00 2.184183393991205e+00 -8.440336898889642e-01 -1.797036034113190e+00
5.400000000000000e+00 2.263026759986606e+00 -9.606104670675252e-01 -1.696674888452254e+00
5.450000000000000e+00 2.346388031616623e+00 -1.073927472487221e+00 -1.579385735096016e+00
5.500000000000000e+00 2.431732836971634e+00 -1.182367363368997e+00 -1.444531736666518e+00
5.550000000000001e+00 2.516166328161230e+00 -1.283998934322865e+00 -1.291860714646481e+00
5.600000000000001e+00 2.596515594080457e+00 -1.376638300917384e+00 -1.121652598500137e+00
5.650000000000000e+00 2.669466648874932e+00 -1.457953351410204e+00 -9.348509774040890e-01
5.700000000000000e+00 2.731754524378516e+00 -1.525610018700405e+00 -7.331551796777710e-01
5.750000000000000e+00 2.780393600449800e+00 -1.577450173043864e+00 -5.190485507872603e-01
5.800000000000001e+00 2.812923031801877e+00 -1.611681487790052e+00 -2.957439440624885e-01
5.850000000000001e+00 2.827632649870998e+00 -1.627052335828400e+00 -6.703948402970097e-02
5.900000000000000e+00 2.823732005155172e+00 -1.622982712689963e+00 1.629054433485762e-01
5.950000000000000e+00 2.801431750394231e+00 -1.599627277679804e+00 3.898466183037151e-01
6.000000000000000e+00 2.761921753709862e+00 -1.557858399030555e+00 6.097440595208028e-01
6.050000000000001e+00 2.707250187724280e+00 -1.499172497832233e+00 8.190208680205515e-01
6.100000000000001e+00 2.640126410801889e+00 -1.425537397964859e+00 1.014756314414415e+00
6.150000000000000e+00 2.563682336184804e+00 -1.339207621977070e+00 1.194792789207270e+00
6.200000000000000e+00 2.481229529205575e+00 -1.242536579525525e+00 1.357754072892672e+00
6.250000000000000e+00 2.396043303953528e+00 -1.137810014732031e+00 1.502987652930742e+00
6.300000000000001e+00 2.311193941838748e+00 -1.027116495999517e+00 1.630453132111407e+00
6.350000000000001e+00 2.229432866062111e+00 -9.122612790634101e-01 1.740581384033246e+00
6.400000000000000e+00 2.153131346518351e+00 -7.947220084686878e-01 1.834126387324359e+00
6.450000000000000e+00 2.084262647732416e+00 -6.756396619389705e-01 1.912025958537773e+00
6.500000000000000e+00 2.024415552751761e+00 -5.558359537142279e-01 1.975281157734901e+00
6.550000000000001e+00 1.974827070231767e+00 -4.358484553841046e-01 2.024858515934480e+00
6.600000000000001e+00 1.936423733048430e+00 -3.159760895490253e-01 2.061615169414313e+00
6.650000000000000e+00 1.909863221360123e+00 -1.963296163890230e-01 2.086244587899774e+00
6.700000000000000e+00 1.895570399210295e+00 -7.688371117869111e-02 2.099239597436767e+00
6.750000000000000e+00 1.893763876338787e+00 4.247109410178269e-02 2.100869442850040e+00
6.800000000000001e+00 1.904470787908723e+00 1.618770969264235e-01 2.091168345173962e+00
6.850000000000001e+00 1.927528684998975e+00 2.814584688124822e-01 2.069934100394440e+00
6.900000000000000e+00 1.962574402736802e+00 4.012700941074479e-01 2.036736531966818e+00
6.950000000000000e+00 2.009020717456553e+00 5.212458013690768e-01 1.990936896319000e+00
7.000000000000000e+00 2.066022720693142e+00 6.411462111452220e-01 1.931720500085794e+00
7.050000000000001e+00 2.132437297471033e+00 7.605075230011268e-01 1.858145633453773e+00
7.100000000000001e+00 2.206780993653762e+00 8.785941210104791e-01 1.769212194643796e+00
7.150000000000000e+00 2.287193841569572e+00 9.943597907077839e-01 1.663952731632712e+00
7.200000000000000e+00 2.371419102634807e+00 1.106424354752904e+00 1.541546671630333e+00
7.250000000000000e+00 2.456810786269505e+00 1.213074166803134e+00 1.401454935178077e+00
7.300000000000001e+00 2.540381292538619e+00 1.312295426395765e+00 1.243566913792835e+00
7.350000000000001e+00 2.618899477643871e+00 1.401847816595354e+00 1.068345458489209e+00
7.400000000000000e+00 2.689043885076713e+00 1.479381767470020e+00 8.769493960139468e-01
7.450000000000000e+00 2.747606575331544e+00 1.542595523375079e+00 6.713092506206472e-01
7.500000000000000e+00 2.791731023662833e+00 1.589418995180814e+00 4.541327153166599e-01
7.550000000000001e+00 2.819155678211802e+00 1.618202235046053e+00 2.288237661500683e-01
7.600000000000001e+00 2.828426899647896e+00 1.627880320129240e+00 -6.868994057071809e-04
7.650000000000000e+00 2.819044868866452e+00 1.618086365077829e+00 -2.301848357323792e-01
7.700000000000000e+00 2.791515353588460e+00 1.589191622287040e+00 -4.554564693011845e-01
7.750000000000000e+00 2.747297330611006e+00 1.542264907799942e+00 -6.725735886473132e-01
7.800000000000001e+00 2.688656583862050e+00 1.478959205816778e+00 -8.781359588884576e-01
7.850000000000001e+00 2.618452469475997e+00 1.401346556638683e+00 -1.069440380459509e+00
7.900000000000000e+00 2.539894288371968e+00 1.311729529342314e+00 -1.244561035372362e+00
7.950000000000000e+00 2.456303518124540e+00 1.212457472016361e+00 -1.402343537617463e+00
8.000000000000000e+00 2.370910248679142e+00 1.105769653283528e+00 -1.542328858428515e+00
8.050000000000001e+00 2.286700277814628e+00 9.936782564786947e-01 -1.664630605749615e+00
8.100000000000000e+00 2.206317368117405e+00 8.778949983181260e-01 -1.769789968712153e+00
8.150000000000000e+00 2.132015878035475e+00 7.597980349917083e-01 -1.858628778017587e+00
8.200000000000001e+00 2.065653445972388e+00 6.404316376481707e-01 -1.932114995895538e+00
8.250000000000000e+00 2.008711376494569e+00 5.205296725953775e-01 -1.991248621338391e+00
8.300000000000001e+00 1.962330877561626e+00 4.005544540137721e-01 -2.036970787328435e+00
8.350000000000000e+00 1.927355203625760e+00 2.807441734378642e-01 -2.070095263289780e+00
8.400000000000000e+00 1.904370149755074e+00 1.611641250949697e-01 -2.091259629304947e+00
8.450000000000001e+00 1.893737624640515e+00 4.175885840371139e-02 -2.100892746348705e+00
8.500000000000000e+00 1.895618925005218e+00 -7.759605725016397e-02 -2.099195421817495e+00
8.550000000000001e+00 1.909985791153280e+00 -1.970428741340439e-01 -2.086132017826143e+00
8.600000000000000e+00 1.936618438234159e+00 -3.166907102490031e-01 -2.061431910531524e+00
8.650000000000000e+00 1.975090701877404e+00 -4.365642320425858e-01 -2.024600995784136e+00
8.700000000000001e+00 2.024743411664760e+00 -5.565517095631558e-01 -1.974944701976619e+00
8.750000000000000e+00 2.084648307926829e+00 -6.763529418969842e-01 -1.911605060316798e+00
8.800000000000001e+00 2.153566400969708e+00 -7.954287885076834e-01 -1.833615090196400e+00
8.850000000000000e+00 2.229906696929246e+00 -9.129557195630347e-01 -1.739973796419146e+00
8.900000000000000e+00 2.311693571804372e+00 -1.027790777363328e+00 -1.629744081479953e+00
8.950000000000001e+00 2.396553397870757e+00 -1.138454304236836e+00 -1.502173468707928e+00
9.000000000000000e+00 2.481732620686291e+00 -1.243139183507223e+00 -1.356833457758414e+00
9.050000000000001e+00 2.564159345474793e+00 -1.339755371828423e+00 -1.193767701235137e+00
9.100000000000000e+00 2.640557491900025e+00 -1.426016297090629e+00 -1.013632744226556e+00
9.150000000000000e+00 2.707615891379659e+00 -1.499568617470880e+00 -8.178093674961787e-01
9.200000000000001e+00 2.762204423218743e+00 -1.558158957237920e+00 -6.084598762428434e-01
9.250000000000000e+00 2.801616993440366e+00 -1.599821778973195e+00 -3.885093251913836e-01
9.300000000000001e+00 2.823810030014534e+00 -1.623063983512531e+00 -1.615380286106226e-01
9.350000000000000e+00 2.827599241967306e+00 -1.627017281627069e+00 6.841199783950833e-02
9.400000000000000e+00 2.812779990763604e+00 -1.611531431927139e+00 2.970961788738976e-01
9.450000000000001e+00 2.780148553159807e+00 -1.577190711877224e+00 5.203565053607703e-01
9.500000000000000e+00 2.731420150345345e+00 -1.525250421059828e+00 7.343977578623093e-01
9.550000000000001e+00 2.669059464046014e+00 -1.457505616021615e+00 9.360111044215541e-01
9.600000000000001e+00 2.596054506171475e+00 -1.376116037425451e+00 1.122717812120162e+00
9.650000000000000e+00 2.515671186563175e+00 -1.283416241494263e+00 1.292823225969891e+00
9.700000000000001e+00 2.431223160156422e+00 -1.181737847156653e+00 1.445388044815785e+00
9.750000000000000e+00 2.345882025872281e+00 -1.073263493358257e+00 1.580135932332774e+00
9.800000000000001e+00 2.262540669633625e+00 -9.599226492610899e-01 1.697321804117708e+00
9.850000000000001e+00 2.183731163286910e+00 -8.433306792987691e-01 1.797584346659395e+00
9.900000000000000e+00 2.111590404356777e+00 -7.247662843631554e-01 1.881801543812050e+00
9.950000000000001e+00 2.047862250030271e+00 -6.051791190066973e-01 1.950961607191086e+00
1.000000000000000e+01 1.993923730414033e+00 -4.852186112229696e-01 2.006055610138664e+00
