0 2 0.5 2
0.01 2.01021 0.524 1.98973
0.02 2.02085 0.547997 1.97893
0.03 2.0319 0.571988 1.96758
0.04 2.04336 0.595971 1.95568
0.05 2.05521 0.619941 1.94322
0.06 2.06745 0.643894 1.9302
0.07 2.08006 0.667826 1.9166
0.08 2.09304 0.691732 1.90241
0.09 2.10638 0.715606 1.88764
0.1 2.12005 0.739443 1.87226
0.11 2.13406 0.763235 1.85628
0.12 2.14838 0.786977 1.83969
0.13 2.16301 0.810661 1.82247
0.14 2.17793 0.834279 1.80461
0.15 2.19312 0.857822 1.78612
0.16 2.20857 0.881282 1.76699
0.17 2.22426 0.904649 1.74719
0.18 2.24017 0.927913 1.72674
0.19 2.2563 0.951064 1.70562
0.2 2.27261 0.97409 1.68382
0.21 2.28909 0.99698 1.66134
0.22 2.30573 1.01972 1.63817
0.23 2.3225 1.0423 1.61431
0.24 2.33937 1.06471 1.58976
0.25 2.35634 1.08693 1.5645
0.26 2.37338 1.10894 1.53853
0.27 2.39046 1.13074 1.51186
0.28 2.40756 1.1523 1.48447
0.29 2.42466 1.17362 1.45637
0.3 2.44174 1.19467 1.42756
0.31 2.45876 1.21544 1.39803
0.32 2.47571 1.23592 1.36779
0.33 2.49256 1.25607 1.33684
0.34 2.50929 1.2759 1.30518
0.35 2.52586 1.29537 1.27281
0.36 2.54225 1.31447 1.23974
0.37 2.55844 1.33318 1.20598
0.38 2.5744 1.35149 1.17152
0.39 2.5901 1.36937 1.13639
0.4 2.60551 1.3868 1.10059
0.41 2.62062 1.40377 1.06413
0.42 2.63538 1.42026 1.02702
0.43 2.64978 1.43625 0.989276
0.44 2.66379 1.45171 0.950911
0.45 2.67738 1.46664 0.91194
0.46 2.69053 1.481 0.872382
0.47 2.70321 1.4948 0.832253
0.48 2.7154 1.50799 0.791573
0.49 2.72708 1.52058 0.750364
0.5 2.73821 1.53254 0.708646
0.51 2.74879 1.54386 0.666443
0.52 2.75879 1.55452 0.623779
0.53 2.76818 1.56451 0.58068
0.54 2.77695 1.57381 0.537171
0.55 2.78508 1.5824 0.493282
0.56 2.79256 1.59029 0.449039
0.57 2.79936 1.59745 0.404472
0.58 2.80547 1.60387 0.359612
0.59 2.81089 1.60955 0.31449
0.6 2.81559 1.61448 0.269137
0.61 2.81958 1.61864 0.223587
0.62 2.82283 1.62204 0.177871
0.63 2.82534 1.62467 0.132023
0.64 2.82712 1.62652 0.0860773
0.65 2.82814 1.62759 0.0400674
0.66 2.82842 1.62788 -0.00597227
0.67 2.82795 1.62738 -0.0520075
0.68 2.82673 1.62611 -0.098004
0.69 2.82476 1.62406 -0.143928
0.7 2.82206 1.62123 -0.189744
0.71 2.81861 1.61764 -0.235421
0.72 2.81444 1.61327 -0.280923
0.73 2.80955 1.60815 -0.326219
0.74 2.80395 1.60228 -0.371276
0.75 2.79766 1.59566 -0.416063
0.76 2.79068 1.58831 -0.460548
0.77 2.78303 1.58024 -0.504702
0.78 2.77473 1.57146 -0.548496
0.79 2.7658 1.56198 -0.591901
0.8 2.75625 1.55182 -0.63489
0.81 2.7461 1.54099 -0.677437
0.82 2.73538 1.5295 -0.719516
0.83 2.7241 1.51738 -0.761104
0.84 2.71229 1.50463 -0.802178
0.85 2.69997 1.49127 -0.842717
0.86 2.68716 1.47733 -0.8827
0.87 2.6739 1.46282 -0.922107
0.88 2.66019 1.44775 -0.960922
0.89 2.64608 1.43215 -0.999128
0.9 2.63158 1.41603 -1.03671
0.91 2.61673 1.39942 -1.07365
0.92 2.60154 1.38232 -1.10994
0.93 2.58605 1.36477 -1.14557
0.94 2.57028 1.34678 -1.18053
0.95 2.55426 1.32837 -1.2148
0.96 2.53802 1.30955 -1.24838
0.97 2.52158 1.29035 -1.28127
0.98 2.50496 1.27079 -1.31346
0.99 2.4882 1.25088 -1.34494
1 2.47132 1.23063 -1.3757
1.01 2.45435 1.21008 -1.40576
1.02 2.43731 1.18924 -1.4351
1.03 2.42022 1.16812 -1.46373
1.04 2.40312 1.14673 -1.49165
1.05 2.38602 1.12511 -1.51885
1.06 2.36895 1.10325 -1.54534
1.07 2.35193 1.08118 -1.57112
1.08 2.33499 1.05891 -1.5962
1.09 2.31813 1.03646 -1.62057
1.1 2.3014 1.01384 -1.64425
1.11 2.2848 0.991055 -1.66724
1.12 2.26836 0.968129 -1.68954
1.13 2.25209 0.945069 -1.71116
1.14 2.23602 0.921888 -1.73211
1.15 2.22016 0.898596 -1.75239
1.16 2.20453 0.875204 -1.77201
1.17 2.18915 0.851722 -1.79098
1.18 2.17403 0.828159 -1.80931
1.19 2.15919 0.804523 -1.82699
1.2 2.14464 0.780824 -1.84405
1.21 2.1304 0.757068 -1.86049
1.22 2.11647 0.733263 -1.87631
1.23 2.10288 0.709416 -1.89153
1.24 2.08964 0.685533 -1.90615
1.25 2.07675 0.66162 -1.92018
1.26 2.06423 0.637682 -1.93363
1.27 2.0521 0.613724 -1.94651
1.28 2.04035 0.58975 -1.95882
1.29 2.02899 0.565765 -1.97058
1.3 2.01805 0.541772 -1.98179
1.31 2.00752 0.517774 -1.99245
1.32 1.99742 0.493774 -2.00258
1.33 1.98775 0.469775 -2.01218
1.34 1.97852 0.445778 -2.02125
1.35 1.96973 0.421786 -2.02982
1.36 1.9614 0.3978 -2.03787
1.37 1.95352 0.373822 -2.04542
1.38 1.94611 0.349851 -2.05248
1.39 1.93916 0.32589 -2.05904
1.4 1.93269 0.301938 -2.06512
1.41 1.92669 0.277995 -2.07072
1.42 1.92117 0.254062 -2.07583
1.43 1.91614 0.230138 -2.08048
1.44 1.9116 0.206224 -2.08465
1.45 1.90755 0.182318 -2.08836
1.46 1.90399 0.15842 -2.09161
1.47 1.90092 0.134529 -2.0944
1.48 1.89835 0.110644 -2.09673
1.49 1.89628 0.0867647 -2.0986
1.5 1.89471 0.0628894 -2.10002
1.51 1.89364 0.0390172 -2.10098
1.52 1.89307 0.0151469 -2.1015
1.53 1.893 -0.00872256 -2.10156
1.54 1.89344 -0.0325925 -2.10117
1.55 1.89437 -0.056464 -2.10032
1.56 1.89581 -0.0803384 -2.09903
1.57 1.89774 -0.104217 -2.09728
1.58 1.90018 -0.1281 -2.09507
1.59 1.90311 -0.151989 -2.09241
1.6 1.90654 -0.175885 -2.08928
1.61 1.91046 -0.199789 -2.0857
1.62 1.91487 -0.223701 -2.08165
1.63 1.91977 -0.247622 -2.07713
1.64 1.92516 -0.271553 -2.07214
1.65 1.93103 -0.295493 -2.06667
1.66 1.93737 -0.319442 -2.06073
1.67 1.94419 -0.343401 -2.05429
1.68 1.95148 -0.367369 -2.04737
1.69 1.95923 -0.391346 -2.03995
1.7 1.96744 -0.41533 -2.03204
1.71 1.97611 -0.43932 -2.02361
1.72 1.98522 -0.463316 -2.01467
1.73 1.99477 -0.487315 -2.00521
1.74 2.00476 -0.511314 -1.99523
1.75 2.01518 -0.535313 -1.98471
1.76 2.02601 -0.559308 -1.97365
1.77 2.03725 -0.583296 -1.96204
1.78 2.04889 -0.607273 -1.94988
1.79 2.06093 -0.631235 -1.93716
1.8 2.07335 -0.655179 -1.92386
1.81 2.08614 -0.6791 -1.90998
1.82 2.09928 -0.702991 -1.89552
1.83 2.11278 -0.726849 -1.88047
1.84 2.12662 -0.750665 -1.86481
1.85 2.14077 -0.774435 -1.84854
1.86 2.15524 -0.79815 -1.83165
1.87 2.17001 -0.821804 -1.81413
1.88 2.18506 -0.845388 -1.79598
1.89 2.20037 -0.868893 -1.77718
1.9 2.21593 -0.89231 -1.75774
1.91 2.23173 -0.91563 -1.73763
1.92 2.24775 -0.938842 -1.71687
1.93 2.26396 -0.961935 -1.69543
1.94 2.28036 -0.984898 -1.67331
1.95 2.29692 -1.00772 -1.65051
1.96 2.31362 -1.03039 -1.62701
1.97 2.33044 -1.05289 -1.60283
1.98 2.34736 -1.07521 -1.57794
1.99 2.36437 -1.09733 -1.55235
2 2.38142 -1.11924 -1.52605
2.01 2.39852 -1.14094 -1.49904
2.02 2.41562 -1.16239 -1.47132
2.03 2.43271 -1.18358 -1.44288
2.04 2.44977 -1.2045 -1.41373
2.05 2.46676 -1.22513 -1.38386
2.06 2.48367 -1.24546 -1.35329
2.07 2.50046 -1.26546 -1.322
2.08 2.51712 -1.28512 -1.29
2.09 2.53361 -1.30442 -1.2573
2.1 2.54991 -1.32334 -1.22391
2.11 2.566 -1.34186 -1.18982
2.12 2.58183 -1.35997 -1.15505
2.13 2.5974 -1.37764 -1.1196
2.14 2.61267 -1.39486 -1.08348
2.15 2.62762 -1.41161 -1.04672
2.16 2.64222 -1.42786 -1.0093
2.17 2.65643 -1.4436 -0.971266
2.18 2.67025 -1.45881 -0.932613
2.19 2.68364 -1.47348 -0.893363
2.2 2.69657 -1.48758 -0.853534
2.21 2.70902 -1.50109 -0.813143
2.22 2.72097 -1.51401 -0.772211
2.23 2.7324 -1.5263 -0.730759
2.24 2.74327 -1.53796 -0.688809
2.25 2.75358 -1.54897 -0.646386
2.26 2.76329 -1.55931 -0.603513
2.27 2.77239 -1.56898 -0.560218
2.28 2.78086 -1.57795 -0.516526
2.29 2.78869 -1.58621 -0.472466
2.3 2.79585 -1.59376 -0.428067
2.31 2.80233 -1.60057 -0.383358
2.32 2.80811 -1.60664 -0.338371
2.33 2.8132 -1.61197 -0.293136
2.34 2.81756 -1.61654 -0.247686
2.35 2.8212 -1.62034 -0.202053
2.36 2.82411 -1.62338 -0.156271
2.37 2.82627 -1.62564 -0.110373
2.38 2.82769 -1.62712 -0.0643925
2.39 2.82837 -1.62782 -0.0183643
2.4 2.82829 -1.62774 0.0276776
2.41 2.82747 -1.62688 0.0736988
2.42 2.82589 -1.62524 0.119665
2.43 2.82358 -1.62282 0.165543
2.44 2.82052 -1.61963 0.211297
2.45 2.81674 -1.61567 0.256896
2.46 2.81223 -1.61095 0.302305
2.47 2.807 -1.60547 0.347492
2.48 2.80107 -1.59925 0.392426
2.49 2.79445 -1.59229 0.437074
2.5 2.78716 -1.5846 0.481407
2.51 2.7792 -1.57619 0.525395
2.52 2.7706 -1.56708 0.569009
2.53 2.76137 -1.55728 0.612221
2.54 2.75154 -1.5468 0.655005
2.55 2.74112 -1.53565 0.697334
2.56 2.73013 -1.52386 0.739185
2.57 2.7186 -1.51144 0.780533
2.58 2.70654 -1.49841 0.821358
2.59 2.69399 -1.48477 0.861637
2.6 2.68096 -1.47056 0.901351
2.61 2.66749 -1.45578 0.940481
2.62 2.65359 -1.44046 0.979011
2.63 2.63929 -1.42461 1.01692
2.64 2.62462 -1.40826 1.05421
2.65 2.60961 -1.39142 1.09084
2.66 2.59428 -1.3741 1.12682
2.67 2.57865 -1.35634 1.16214
2.68 2.56276 -1.33815 1.19677
2.69 2.54663 -1.31954 1.23072
2.7 2.53029 -1.30055 1.26398
2.71 2.51376 -1.28117 1.29653
2.72 2.49708 -1.26144 1.32839
2.73 2.48026 -1.24137 1.35953
2.74 2.46333 -1.22098 1.38996
2.75 2.44632 -1.20029 1.41968
2.76 2.42926 -1.17931 1.44869
2.77 2.41216 -1.15807 1.47698
2.78 2.39506 -1.13657 1.50456
2.79 2.37797 -1.11483 1.53142
2.8 2.36092 -1.09287 1.55758
2.81 2.34393 -1.07071 1.58303
2.82 2.32703 -1.04835 1.60777
2.83 2.31023 -1.02581 1.63182
2.84 2.29356 -1.00312 1.65517
2.85 2.27703 -0.980264 1.67784
2.86 2.26067 -0.957274 1.69982
2.87 2.24449 -0.934155 1.72112
2.88 2.22852 -0.910921 1.74175
2.89 2.21277 -0.887581 1.76172
2.9 2.19725 -0.864145 1.78104
2.91 2.18199 -0.840623 1.7997
2.92 2.167 -0.817025 1.81772
2.93 2.15229 -0.793358 1.83511
2.94 2.13789 -0.769631 1.85188
2.95 2.12379 -0.745851 1.86802
2.96 2.11002 -0.722026 1.88356
2.97 2.0966 -0.698161 1.8985
2.98 2.08352 -0.674263 1.91284
2.99 2.0708 -0.650337 1.9266
3 2.05846 -0.626389 1.93978
3.01 2.04651 -0.602423 1.95239
3.02 2.03494 -0.578444 1.96443
3.03 2.02378 -0.554454 1.97593
3.04 2.01304 -0.530459 1.98688
3.05 2.00271 -0.506459 1.99729
3.06 1.99281 -0.48246 2.00717
3.07 1.98334 -0.458461 2.01652
3.08 1.97432 -0.434467 2.02536
3.09 1.96574 -0.410478 2.03368
3.1 1.95763 -0.386495 2.0415
3.11 1.94997 -0.36252 2.04881
3.12 1.94277 -0.338554 2.05564
3.13 1.93605 -0.314597 2.06197
3.14 1.9298 -0.290649 2.06782
3.15 1.92403 -0.266711 2.07319
3.16 1.91874 -0.242782 2.07808
3.17 1.91394 -0.218863 2.08251
3.18 1.90963 -0.194953 2.08646
3.19 1.90581 -0.171051 2.08995
3.2 1.90248 -0.147156 2.09298
3.21 1.89965 -0.123268 2.09555
3.22 1.89731 -0.0993859 2.09767
3.23 1.89548 -0.0755085 2.09932
3.24 1.89414 -0.0516349 2.10053
3.25 1.89331 -0.0277637 2.10128
3.26 1.89298 -0.00389398 2.10158
3.27 1.89315 0.0199756 2.10143
3.28 1.89382 0.0438461 2.10082
3.29 1.89499 0.0677189 2.09977
3.3 1.89666 0.0915949 2.09826
3.31 1.89883 0.115475 2.09629
3.32 1.9015 0.139361 2.09387
3.33 1.90467 0.163254 2.09099
3.34 1.90833 0.187153 2.08765
3.35 1.91248 0.211061 2.08385
3.36 1.91712 0.234977 2.07958
3.37 1.92225 0.258903 2.07484
3.38 1.92786 0.282838 2.06962
3.39 1.93396 0.306782 2.06393
3.4 1.94053 0.330736 2.05776
3.41 1.94757 0.3547 2.05109
3.42 1.95508 0.378672 2.04394
3.43 1.96305 0.402652 2.03628
3.44 1.97147 0.426639 2.02813
3.45 1.98035 0.450632 2.01946
3.46 1.98967 0.474629 2.01028
3.47 1.99943 0.498629 2.00057
3.48 2.00962 0.522629 1.99033
3.49 2.02023 0.546626 1.97956
3.5 2.03126 0.570618 1.96825
3.51 2.04269 0.594601 1.95638
3.52 2.05452 0.618572 1.94395
3.53 2.06674 0.642526 1.93096
3.54 2.07933 0.666459 1.91739
3.55 2.09229 0.690367 1.90324
3.56 2.1056 0.714243 1.8885
3.57 2.11926 0.738082 1.87316
3.58 2.13325 0.761878 1.85721
3.59 2.14756 0.785623 1.84065
3.6 2.16217 0.80931 1.82347
3.61 2.17707 0.832932 1.80565
3.62 2.19224 0.856479 1.7872
3.63 2.20768 0.879944 1.7681
3.64 2.22335 0.903317 1.74834
3.65 2.23926 0.926587 1.72793
3.66 2.25537 0.949744 1.70684
3.67 2.27167 0.972778 1.68508
3.68 2.28815 0.995676 1.66264
3.69 2.30477 1.01843 1.63952
3.7 2.32153 1.04102 1.6157
3.71 2.33841 1.06343 1.59118
3.72 2.35537 1.08566 1.56596
3.73 2.3724 1.10769 1.54004
3.74 2.38948 1.1295 1.5134
3.75 2.40658 1.15108 1.48606
3.76 2.42368 1.17241 1.458
3.77 2.44076 1.19348 1.42923
3.78 2.45779 1.21426 1.39974
3.79 2.47475 1.23475 1.36954
3.8 2.4916 1.25493 1.33863
3.81 2.50833 1.27477 1.307
3.82 2.52492 1.29426 1.27468
3.83 2.54132 1.31339 1.24165
3.84 2.55752 1.33212 1.20792
3.85 2.57349 1.35045 1.17351
3.86 2.58921 1.36836 1.13842
3.87 2.60464 1.38582 1.10265
3.88 2.61976 1.40282 1.06623
3.89 2.63455 1.41933 1.02916
3.9 2.64897 1.43535 0.991449
3.91 2.663 1.45084 0.953119
3.92 2.67662 1.4658 0.914183
3.93 2.68979 1.4802 0.874657
3.94 2.7025 1.49402 0.834561
3.95 2.71472 1.50726 0.793912
3.96 2.72643 1.51988 0.752732
3.97 2.73759 1.53188 0.711043
3.98 2.7482 1.54323 0.668867
3.99 2.75823 1.55393 0.626228
4 2.76766 1.56396 0.583153
4.01 2.77647 1.57329 0.539667
4.02 2.78463 1.58193 0.495799
4.03 2.79215 1.58986 0.451575
4.04 2.79899 1.59706 0.407026
4.05 2.80514 1.60353 0.362182
4.06 2.8106 1.60925 0.317074
4.07 2.81534 1.61422 0.271734
4.08 2.81937 1.61843 0.226194
4.09 2.82266 1.62187 0.180486
4.1 2.82522 1.62454 0.134645
4.11 2.82704 1.62643 0.0887041
4.12 2.8281 1.62755 0.042697
4.13 2.82843 1.62788 -0.0033419
4.14 2.828 1.62743 -0.0493783
4.15 2.82682 1.6262 -0.095378
4.16 2.8249 1.6242 -0.141307
4.17 2.82223 1.62142 -0.18713
4.18 2.81883 1.61786 -0.232816
4.19 2.8147 1.61354 -0.278329
4.2 2.80985 1.60846 -0.323638
4.21 2.80429 1.60263 -0.368709
4.22 2.79804 1.59606 -0.413512
4.23 2.7911 1.58875 -0.458016
4.24 2.78349 1.58072 -0.502189
4.25 2.77523 1.57198 -0.546004
4.26 2.76633 1.56254 -0.589432
4.27 2.75681 1.55242 -0.632446
4.28 2.7467 1.54163 -0.675018
4.29 2.73601 1.53018 -0.717125
4.3 2.72476 1.51809 -0.758742
4.31 2.71298 1.50537 -0.799846
4.32 2.70069 1.49205 -0.840416
4.33 2.68791 1.47814 -0.880431
4.34 2.67467 1.46366 -0.919872
4.35 2.66099 1.44862 -0.958721
4.36 2.6469 1.43305 -0.996962
4.37 2.63242 1.41696 -1.03458
4.38 2.61759 1.40038 -1.07156
4.39 2.60242 1.38331 -1.10789
4.4 2.58695 1.36579 -1.14355
4.41 2.57119 1.34782 -1.17855
4.42 2.55518 1.32943 -1.21286
4.43 2.53895 1.31064 -1.24648
4.44 2.52252 1.29146 -1.27941
4.45 2.50591 1.27191 -1.31164
4.46 2.48916 1.25202 -1.34316
4.47 2.47229 1.2318 -1.37397
4.48 2.45532 1.21127 -1.40406
4.49 2.43828 1.19044 -1.43345
4.5 2.4212 1.16933 -1.46212
4.51 2.4041 1.14796 -1.49007
4.52 2.387 1.12635 -1.51731
4.53 2.36993 1.1045 -1.54384
4.54 2.3529 1.08245 -1.56967
4.55 2.33595 1.06019 -1.59478
4.56 2.31909 1.03775 -1.6192
4.57 2.30235 1.01513 -1.64292
4.58 2.28575 0.992361 -1.66594
4.59 2.26929 0.969442 -1.68828
4.6 2.25302 0.94639 -1.70994
4.61 2.23694 0.923216 -1.73093
4.62 2.22106 0.89993 -1.75125
4.63 2.20542 0.876543 -1.77091
4.64 2.19002 0.853066 -1.78992
4.65 2.17489 0.829507 -1.80828
4.66 2.16003 0.805875 -1.826
4.67 2.14546 0.782179 -1.84309
4.68 2.1312 0.758426 -1.85957
4.69 2.11726 0.734624 -1.87542
4.7 2.10365 0.710779 -1.89068
4.71 2.09039 0.686898 -1.90533
4.72 2.07748 0.662987 -1.9194
4.73 2.06494 0.63905 -1.93288
4.74 2.05278 0.615093 -1.94579
4.75 2.04101 0.59112 -1.95814
4.76 2.02963 0.567135 -1.96992
4.77 2.01866 0.543143 -1.98116
4.78 2.00811 0.519145 -1.99185
4.79 1.99799 0.495145 -2.00201
4.8 1.98829 0.471146 -2.01164
4.81 1.97903 0.447149 -2.02075
4.82 1.97022 0.423157 -2.02934
4.83 1.96186 0.39917 -2.03743
4.84 1.95396 0.375191 -2.04501
4.85 1.94652 0.35122 -2.05209
4.86 1.93954 0.327258 -2.05868
4.87 1.93304 0.303306 -2.06479
4.88 1.92702 0.279363 -2.07041
4.89 1.92148 0.255429 -2.07555
4.9 1.91642 0.231505 -2.08023
4.91 1.91185 0.20759 -2.08443
4.92 1.90776 0.183683 -2.08817
4.93 1.90418 0.159785 -2.09144
4.94 1.90108 0.135894 -2.09425
4.95 1.89848 0.112008 -2.09661
4.96 1.89639 0.0881287 -2.0985
4.97 1.89479 0.0642532 -2.09995
4.98 1.89369 0.0403809 -2.10094
4.99 1.89309 0.0165106 -2.10148
5 1.89299 -0.00735894 -2.10157
5.01 1.8934 -0.0312288 -2.1012
5.02 1.89431 -0.0551002 -2.10038
5.03 1.89571 -0.0789744 -2.09911
5.04 1.89762 -0.102852 -2.09739
5.05 1.90003 -0.126735 -2.09521
5.06 1.90293 -0.150624 -2.09257
5.07 1.90633 -0.17452 -2.08947
5.08 1.91022 -0.198423 -2.08592
5.09 1.91461 -0.222335 -2.08189
5.1 1.91948 -0.246255 -2.0774
5.11 1.92484 -0.270185 -2.07244
5.12 1.93068 -0.294125 -2.067
5.13 1.937 -0.318074 -2.06108
5.14 1.94379 -0.342032 -2.05468
5.15 1.95105 -0.366 -2.04778
5.16 1.95878 -0.389976 -2.04039
5.17 1.96696 -0.41396 -2.0325
5.18 1.9756 -0.43795 -2.0241
5.19 1.98469 -0.461945 -2.0152
5.2 1.99422 -0.485943 -2.00577
5.21 2.00418 -0.509943 -1.99581
5.22 2.01457 -0.533942 -1.98532
5.23 2.02538 -0.557937 -1.9743
5.24 2.0366 -0.581925 -1.96272
5.25 2.04822 -0.605903 -1.95059
5.26 2.06023 -0.629867 -1.9379
5.27 2.07263 -0.653812 -1.92463
5.28 2.08539 -0.677734 -1.91079
5.29 2.09852 -0.701627 -1.89636
5.3 2.112 -0.725487 -1.88134
5.31 2.12582 -0.749306 -1.86572
5.32 2.13996 -0.773078 -1.84948
5.33 2.15441 -0.796797 -1.83263
5.34 2.16916 -0.820455 -1.81515
5.35 2.18419 -0.844043 -1.79703
5.36 2.19949 -0.867552 -1.77827
5.37 2.21504 -0.890975 -1.75887
5.38 2.23082 -0.9143 -1.7388
5.39 2.24683 -0.937519 -1.71807
5.4 2.26303 -0.960619 -1.69667
5.41 2.27942 -0.98359 -1.67459
5.42 2.29597 -1.00642 -1.65183
5.43 2.31266 -1.0291 -1.62837
5.44 2.32948 -1.05161 -1.60423
5.45 2.34639 -1.07394 -1.57938
5.46 2.36339 -1.09607 -1.55383
5.47 2.38045 -1.118 -1.52757
5.48 2.39754 -1.1397 -1.5006
5.49 2.41465 -1.16117 -1.47292
5.5 2.43174 -1.18238 -1.44452
5.51 2.4488 -1.20331 -1.41541
5.52 2.46579 -1.22396 -1.38559
5.53 2.48271 -1.24431 -1.35505
5.54 2.49951 -1.26433 -1.32381
5.55 2.51617 -1.28401 -1.29185
5.56 2.53267 -1.30333 -1.25919
5.57 2.54899 -1.32227 -1.22583
5.58 2.56508 -1.34082 -1.19178
5.59 2.58094 -1.35895 -1.15705
5.6 2.59652 -1.37665 -1.12164
5.61 2.61181 -1.39389 -1.08556
5.62 2.62678 -1.41066 -1.04883
5.63 2.64139 -1.42694 -1.01146
5.64 2.65563 -1.44272 -0.973455
5.65 2.66947 -1.45796 -0.934838
5.66 2.68288 -1.47266 -0.895621
5.67 2.69584 -1.48679 -0.855824
5.68 2.70832 -1.50034 -0.815465
5.69 2.7203 -1.51328 -0.774563
5.7 2.73176 -1.52562 -0.73314
5.71 2.74267 -1.53731 -0.691218
5.72 2.753 -1.54836 -0.648822
5.73 2.76275 -1.55874 -0.605974
5.74 2.77189 -1.56845 -0.562702
5.75 2.7804 -1.57745 -0.519032
5.76 2.78826 -1.58576 -0.474992
5.77 2.79546 -1.59334 -0.430612
5.78 2.80198 -1.6002 -0.38592
5.79 2.8078 -1.60632 -0.340948
5.8 2.81292 -1.61168 -0.295726
5.81 2.81733 -1.6163 -0.250288
5.82 2.82101 -1.62014 -0.204664
5.83 2.82396 -1.62322 -0.15889
5.84 2.82617 -1.62553 -0.112997
5.85 2.82763 -1.62705 -0.0670208
5.86 2.82835 -1.6278 -0.0209945
5.87 2.82832 -1.62777 0.0250475
5.88 2.82753 -1.62695 0.0710709
5.89 2.826 -1.62536 0.117041
5.9 2.82373 -1.62298 0.162925
5.91 2.82072 -1.61984 0.208687
5.92 2.81697 -1.61592 0.254296
5.93 2.8125 -1.61124 0.299717
5.94 2.80732 -1.60581 0.344917
5.95 2.80143 -1.59963 0.389866
5.96 2.79485 -1.59271 0.434532
5.97 2.78759 -1.58506 0.478884
5.98 2.77967 -1.57669 0.522892
5.99 2.77111 -1.56762 0.566528
6 2.76192 -1.55786 0.609764
6.01 2.75212 -1.54741 0.652572
6.02 2.74173 -1.53631 0.694928
6.03 2.73077 -1.52456 0.736807
6.04 2.71927 -1.51217 0.778185
6.05 2.70724 -1.49917 0.81904
6.06 2.69472 -1.48557 0.859351
6.07 2.68172 -1.47139 0.899097
6.08 2.66827 -1.45664 0.938261
6.09 2.65439 -1.44135 0.976826
6.1 2.64012 -1.42553 1.01477
6.11 2.62547 -1.40921 1.05209
6.12 2.61048 -1.39239 1.08877
6.13 2.59516 -1.37511 1.12478
6.14 2.57955 -1.35737 1.16014
6.15 2.56367 -1.3392 1.19481
6.16 2.54756 -1.32062 1.2288
6.17 2.53123 -1.30164 1.26209
6.18 2.51471 -1.28229 1.29469
6.19 2.49803 -1.26258 1.32658
6.2 2.48122 -1.24253 1.35777
6.21 2.4643 -1.22216 1.38824
6.22 2.4473 -1.20148 1.418
6.23 2.43024 -1.18052 1.44705
6.24 2.41314 -1.15929 1.47538
6.25 2.39604 -1.1378 1.503
6.26 2.37895 -1.11608 1.52991
6.27 2.36189 -1.09413 1.5561
6.28 2.3449 -1.07198 1.58159
6.29 2.32799 -1.04963 1.60638
6.3 2.31119 -1.02711 1.63047
6.31 2.29451 -1.00442 1.65386
6.32 2.27797 -0.981574 1.67656
6.33 2.2616 -0.958591 1.69858
6.34 2.24541 -0.935479 1.71992
6.35 2.22943 -0.912251 1.74059
6.36 2.21366 -0.888917 1.7606
6.37 2.19813 -0.865486 1.77995
6.38 2.18285 -0.841969 1.79865
6.39 2.16785 -0.818375 1.81671
6.4 2.15312 -0.794712 1.83414
6.41 2.1387 -0.770988 1.85094
6.42 2.12459 -0.747211 1.86712
6.43 2.1108 -0.723388 1.88269
6.44 2.09735 -0.699525 1.89766
6.45 2.08426 -0.675629 1.91203
6.46 2.07152 -0.651705 1.92582
6.47 2.05916 -0.627758 1.93904
6.48 2.04718 -0.603793 1.95168
6.49 2.03559 -0.579814 1.96376
6.5 2.02441 -0.555825 1.97529
6.51 2.01364 -0.53183 1.98627
6.52 2.00329 -0.507831 1.99671
6.53 1.99336 -0.483831 2.00662
6.54 1.98387 -0.459832 2.016
6.55 1.97482 -0.435837 2.02486
6.56 1.96622 -0.411848 2.03322
6.57 1.95808 -0.387865 2.04106
6.58 1.95039 -0.363889 2.04841
6.59 1.94317 -0.339923 2.05526
6.6 1.93642 -0.315965 2.06162
6.61 1.93014 -0.292017 2.0675
6.62 1.92435 -0.268078 2.07289
6.63 1.91903 -0.244149 2.07782
6.64 1.9142 -0.220229 2.08227
6.65 1.90986 -0.196318 2.08625
6.66 1.90601 -0.172416 2.08977
6.67 1.90266 -0.148521 2.09282
6.68 1.8998 -0.124633 2.09542
6.69 1.89743 -0.10075 2.09756
6.7 1.89557 -0.0768725 2.09924
6.71 1.89421 -0.0529986 2.10047
6.72 1.89334 -0.0291274 2.10125
6.73 1.89298 -0.00525759 2.10158
6.74 1.89312 0.0186119 2.10145
6.75 1.89376 0.0424824 2.10087
6.76 1.89491 0.066355 2.09984
6.77 1.89655 0.0902308 2.09836
6.78 1.89869 0.114111 2.09642
6.79 1.90133 0.137997 2.09402
6.8 1.90447 0.161889 2.09117
6.81 1.9081 0.185788 2.08785
6.82 1.91223 0.209695 2.08408
6.83 1.91684 0.233611 2.07983
6.84 1.92195 0.257536 2.07512
6.85 1.92753 0.28147 2.06993
6.86 1.9336 0.305414 2.06427
6.87 1.94014 0.329368 2.05812
6.88 1.94715 0.35333 2.05149
6.89 1.95463 0.377302 2.04436
6.9 1.96258 0.401282 2.03673
6.91 1.97098 0.425269 2.02861
6.92 1.97983 0.449261 2.01997
6.93 1.98913 0.473258 2.01082
6.94 1.99886 0.497258 2.00114
6.95 2.00903 0.521258 1.99093
6.96 2.01961 0.545255 1.98019
6.97 2.03062 0.569247 1.96891
6.98 2.04203 0.593231 1.95707
6.99 2.05383 0.617203 1.94468
7 2.06603 0.641158 1.93172
7.01 2.0786 0.665093 1.91818
7.02 2.09154 0.689002 1.90406
7.03 2.10483 0.71288 1.88936
7.04 2.11847 0.736721 1.87405
7.05 2.13244 0.760519 1.85814
7.06 2.14673 0.784268 1.84161
7.07 2.16133 0.807958 1.82446
7.08 2.17621 0.831584 1.80669
7.09 2.19137 0.855136 1.78827
7.1 2.20679 0.878606 1.7692
7.11 2.22245 0.901984 1.74949
7.12 2.23834 0.92526 1.72911
7.13 2.25444 0.948425 1.70806
7.14 2.27074 0.971465 1.68634
7.15 2.2872 0.994372 1.66394
7.16 2.30382 1.01713 1.64086
7.17 2.32057 1.03973 1.61708
7.18 2.33744 1.06216 1.5926
7.19 2.3544 1.0844 1.56742
7.2 2.37143 1.10644 1.54154
7.21 2.3885 1.12826 1.51494
7.22 2.4056 1.14985 1.48764
7.23 2.42271 1.1712 1.45962
7.24 2.43979 1.19228 1.43089
7.25 2.45682 1.21309 1.40144
7.26 2.47378 1.23359 1.37128
7.27 2.49064 1.25379 1.34041
7.28 2.50738 1.27365 1.30883
7.29 2.52397 1.29316 1.27654
7.3 2.54039 1.31231 1.24355
7.31 2.5566 1.33106 1.20987
7.32 2.57259 1.34942 1.17549
7.33 2.58832 1.36735 1.14044
7.34 2.60377 1.38483 1.10472
7.35 2.61891 1.40186 1.06833
7.36 2.63371 1.4184 1.03129
7.37 2.64815 1.43444 0.99362
7.38 2.66221 1.44997 0.955325
7.39 2.67585 1.46496 0.916423
7.4 2.68905 1.47939 0.876931
7.41 2.70179 1.49325 0.836866
7.42 2.71404 1.50652 0.796249
7.43 2.72577 1.51918 0.755098
7.44 2.73697 1.53121 0.713438
7.45 2.74761 1.5426 0.671289
7.46 2.75767 1.55334 0.628676
7.47 2.76714 1.5634 0.585625
7.48 2.77598 1.57278 0.542162
7.49 2.78418 1.58146 0.498315
7.5 2.79173 1.58942 0.454111
7.51 2.79861 1.59667 0.409579
7.52 2.80481 1.60318 0.364752
7.53 2.81031 1.60894 0.319658
7.54 2.81509 1.61395 0.27433
7.55 2.81916 1.61821 0.2288
7.56 2.82249 1.62169 0.183101
7.57 2.82509 1.62441 0.137267
7.58 2.82695 1.62634 0.0913307
7.59 2.82806 1.6275 0.0453265
7.6 2.82843 1.62788 -0.000711529
7.61 2.82804 1.62748 -0.046749
7.62 2.82691 1.6263 -0.0927517
7.63 2.82503 1.62433 -0.138685
7.64 2.8224 1.6216 -0.184516
7.65 2.81904 1.61809 -0.23021
7.66 2.81495 1.61381 -0.275734
7.67 2.81015 1.60877 -0.321055
7.68 2.80463 1.60299 -0.366141
7.69 2.79841 1.59645 -0.41096
7.7 2.79151 1.58919 -0.455482
7.71 2.78394 1.5812 -0.499675
7.72 2.77572 1.5725 -0.543512
7.73 2.76685 1.5631 -0.586962
7.74 2.75737 1.55302 -0.63
7.75 2.74729 1.54226 -0.672599
7.76 2.73663 1.53085 -0.714733
7.77 2.72542 1.51879 -0.756378
7.78 2.71366 1.50612 -0.797512
7.79 2.7014 1.49283 -0.838113
7.8 2.68865 1.47895 -0.87816
7.81 2.67543 1.4645 -0.917634
7.82 2.66178 1.4495 -0.956518
7.83 2.64771 1.43396 -0.994794
7.84 2.63326 1.4179 -1.03245
7.85 2.61844 1.40134 -1.06946
7.86 2.60329 1.3843 -1.10583
7.87 2.58784 1.3668 -1.14153
7.88 2.5721 1.34886 -1.17657
7.89 2.55611 1.33049 -1.21092
7.9 2.53988 1.31172 -1.24458
7.91 2.52346 1.29256 -1.27755
7.92 2.50687 1.27304 -1.30982
7.93 2.49012 1.25317 -1.34138
7.94 2.47326 1.23296 -1.37223
7.95 2.45629 1.21245 -1.40236
7.96 2.43926 1.19163 -1.43179
7.97 2.42218 1.17054 -1.4605
7.98 2.40508 1.14919 -1.48849
7.99 2.38798 1.12759 -1.51578
8 2.3709 1.10576 -1.54235
8.01 2.35387 1.08371 -1.56821
8.02 2.33692 1.06147 -1.59337
8.03 2.32005 1.03903 -1.61782
8.04 2.30331 1.01643 -1.64158
8.05 2.28669 0.993666 -1.66465
8.06 2.27023 0.970755 -1.68703
8.07 2.25394 0.94771 -1.70873
8.08 2.23785 0.924543 -1.72975
8.09 2.22196 0.901263 -1.75011
8.1 2.20631 0.877882 -1.7698
8.11 2.1909 0.854409 -1.78885
8.12 2.17574 0.830855 -1.80724
8.13 2.16087 0.807227 -1.825
8.14 2.14629 0.783534 -1.84213
8.15 2.13201 0.759785 -1.85864
8.16 2.11805 0.735985 -1.87453
8.17 2.10442 0.712143 -1.88982
8.18 2.09113 0.688263 -1.90451
8.19 2.07821 0.664353 -1.91861
8.2 2.06565 0.640418 -1.93213
8.21 2.05346 0.616462 -1.94507
8.22 2.04167 0.59249 -1.95745
8.23 2.03027 0.568506 -1.96926
8.24 2.01928 0.544513 -1.98053
8.25 2.0087 0.520516 -1.99126
8.26 1.99855 0.496516 -2.00145
8.27 1.98883 0.472517 -2.01111
8.28 1.97955 0.44852 -2.02024
8.29 1.97071 0.424527 -2.02887
8.3 1.96233 0.40054 -2.03698
8.31 1.9544 0.376561 -2.04459
8.32 1.94693 0.35259 -2.0517
8.33 1.93993 0.328627 -2.05832
8.34 1.9334 0.304674 -2.06445
8.35 1.92735 0.28073 -2.0701
8.36 1.92178 0.256796 -2.07527
8.37 1.91669 0.232871 -2.07997
8.38 1.91209 0.208956 -2.0842
8.39 1.90798 0.185049 -2.08796
8.4 1.90437 0.16115 -2.09126
8.41 1.90125 0.137258 -2.0941
8.42 1.89862 0.113373 -2.09648
8.43 1.89649 0.0894928 -2.09841
8.44 1.89486 0.0656171 -2.09988
8.45 1.89374 0.0417446 -2.1009
8.46 1.89311 0.0178742 -2.10146
8.47 1.89299 -0.00599532 -2.10157
8.48 1.89336 -0.0298651 -2.10123
8.49 1.89424 -0.0537365 -2.10044
8.5 1.89562 -0.0776104 -2.0992
8.51 1.8975 -0.101488 -2.0975
8.52 1.89988 -0.125371 -2.09534
8.53 1.90275 -0.149259 -2.09273
8.54 1.90612 -0.173154 -2.08966
8.55 1.90999 -0.197057 -2.08613
8.56 1.91434 -0.220969 -2.08214
8.57 1.91919 -0.244889 -2.07767
8.58 1.92452 -0.268818 -2.07273
8.59 1.93033 -0.292757 -2.06732
8.6 1.93662 -0.316705 -2.06143
8.61 1.94339 -0.340663 -2.05505
8.62 1.95062 -0.36463 -2.04819
8.63 1.95832 -0.388606 -2.04083
8.64 1.96648 -0.412589 -2.03297
8.65 1.9751 -0.436579 -2.0246
8.66 1.98416 -0.460574 -2.01572
8.67 1.99366 -0.484572 -2.00632
8.68 2.0036 -0.508572 -1.99639
8.69 2.01396 -0.532571 -1.98594
8.7 2.02475 -0.556567 -1.97494
8.71 2.03595 -0.580555 -1.9634
8.72 2.04754 -0.604534 -1.9513
8.73 2.05953 -0.628498 -1.93864
8.74 2.07191 -0.652445 -1.92541
8.75 2.08466 -0.676368 -1.9116
8.76 2.09776 -0.700263 -1.8972
8.77 2.11122 -0.724125 -1.88222
8.78 2.12502 -0.747946 -1.86663
8.79 2.13914 -0.771722 -1.85043
8.8 2.15357 -0.795444 -1.83361
8.81 2.16831 -0.819105 -1.81616
8.82 2.18332 -0.842697 -1.79808
8.83 2.19861 -0.866212 -1.77936
8.84 2.21414 -0.889639 -1.75999
8.85 2.22992 -0.912971 -1.73996
8.86 2.24591 -0.936195 -1.71927
8.87 2.2621 -0.959303 -1.69791
8.88 2.27848 -0.982282 -1.67587
8.89 2.29502 -1.00512 -1.65315
8.9 2.3117 -1.02781 -1.62973
8.91 2.32851 -1.05033 -1.60562
8.92 2.34543 -1.07267 -1.58082
8.93 2.36242 -1.09481 -1.55531
8.94 2.37947 -1.11675 -1.52909
8.95 2.39656 -1.13847 -1.50216
8.96 2.41367 -1.15995 -1.47452
8.97 2.43076 -1.18117 -1.44616
8.98 2.44782 -1.20212 -1.4171
8.99 2.46483 -1.22279 -1.38731
9 2.48174 -1.24315 -1.35682
9.01 2.49855 -1.26319 -1.32561
9.02 2.51522 -1.28289 -1.29369
9.03 2.53174 -1.30223 -1.26108
9.04 2.54806 -1.3212 -1.22776
9.05 2.56417 -1.33977 -1.19375
9.06 2.58004 -1.35792 -1.15905
9.07 2.59564 -1.37565 -1.12368
9.08 2.61094 -1.39292 -1.08764
9.09 2.62593 -1.40972 -1.05095
9.1 2.64057 -1.42603 -1.01361
9.11 2.65483 -1.44183 -0.975643
9.12 2.66869 -1.4571 -0.93706
9.13 2.68213 -1.47183 -0.897877
9.14 2.69511 -1.486 -0.858113
9.15 2.70762 -1.49958 -0.817785
9.16 2.71963 -1.51256 -0.776914
9.17 2.73112 -1.52493 -0.73552
9.18 2.74206 -1.53666 -0.693626
9.19 2.75243 -1.54775 -0.651256
9.2 2.76221 -1.55817 -0.608434
9.21 2.77138 -1.56791 -0.565185
9.22 2.77993 -1.57696 -0.521537
9.23 2.78783 -1.5853 -0.477518
9.24 2.79506 -1.59293 -0.433156
9.25 2.80162 -1.59983 -0.388481
9.26 2.80749 -1.60599 -0.343524
9.27 2.81265 -1.6114 -0.298316
9.28 2.8171 -1.61605 -0.252889
9.29 2.82082 -1.61995 -0.207275
9.3 2.82381 -1.62307 -0.161508
9.31 2.82606 -1.62542 -0.115622
9.32 2.82757 -1.62699 -0.069649
9.33 2.82833 -1.62778 -0.0236246
9.34 2.82834 -1.62779 0.0224174
9.35 2.8276 -1.62702 0.0684427
9.36 2.82611 -1.62547 0.114417
9.37 2.82388 -1.62314 0.160306
9.38 2.82091 -1.62004 0.206077
9.39 2.81721 -1.61617 0.251695
9.4 2.81278 -1.61153 0.297127
9.41 2.80763 -1.60614 0.342342
9.42 2.80178 -1.6 0.387306
9.43 2.79524 -1.59312 0.431988
9.44 2.78802 -1.58551 0.476359
9.45 2.78014 -1.57719 0.520388
9.46 2.77162 -1.56816 0.564046
9.47 2.76246 -1.55843 0.607305
9.48 2.75269 -1.54803 0.650139
9.49 2.74234 -1.53696 0.692521
9.5 2.73141 -1.52524 0.734428
9.51 2.71994 -1.51289 0.775835
9.52 2.70795 -1.49993 0.81672
9.53 2.69545 -1.48636 0.857063
9.54 2.68248 -1.47221 0.896842
9.55 2.66905 -1.4575 0.93604
9.56 2.6552 -1.44224 0.974639
9.57 2.64095 -1.42645 1.01262
9.58 2.62632 -1.41015 1.04998
9.59 2.61134 -1.39336 1.08669
9.6 2.59604 -1.37611 1.12275
9.61 2.58045 -1.35839 1.15813
9.62 2.56459 -1.34025 1.19285
9.63 2.54849 -1.32169 1.22688
9.64 2.53217 -1.30274 1.26021
9.65 2.51566 -1.2834 1.29285
9.66 2.49899 -1.26371 1.32478
9.67 2.48219 -1.24368 1.35601
9.68 2.46527 -1.22333 1.38652
9.69 2.44827 -1.20267 1.41632
9.7 2.43121 -1.18172 1.44541
9.71 2.41412 -1.16051 1.47378
9.72 2.39701 -1.13903 1.50144
9.73 2.37992 -1.11732 1.52839
9.74 2.36287 -1.09539 1.55463
9.75 2.34587 -1.07325 1.58016
9.76 2.32895 -1.05091 1.60498
9.77 2.31214 -1.0284 1.62911
9.78 2.29545 -1.00572 1.65254
9.79 2.27891 -0.982882 1.67528
9.8 2.26253 -0.959907 1.69734
9.81 2.24633 -0.936803 1.71872
9.82 2.23033 -0.913581 1.73943
9.83 2.21455 -0.890252 1.75947
9.84 2.19901 -0.866827 1.77886
9.85 2.18372 -0.843315 1.7976
9.86 2.1687 -0.819724 1.8157
9.87 2.15396 -0.796065 1.83316
9.88 2.13952 -0.772345 1.84999
9.89 2.12539 -0.74857 1.86621
9.9 2.11158 -0.72475 1.88182
9.91 2.09811 -0.700889 1.89682
9.92 2.08499 -0.676995 1.91123
9.93 2.07224 -0.653072 1.92505
9.94 2.05985 -0.629127 1.9383
9.95 2.04785 -0.605162 1.95097
9.96 2.03624 -0.581184 1.96309
9.97 2.02504 -0.557196 1.97464
9.98 2.01424 -0.533201 1.98566
9.99 2.00387 -0.509202 1.99613
10 1.99392 -0.485202 2.00607
